1	675000.0001046696
2	234999.99998835428
3	237227.85712483764
4	242499.99993492095
5	257949.9999618996
6	260000.0000118047
7	275000.0000180042
8	285000.000019069
9	287200.0000074576
10	295000.0000379146
11	300000.00001416676
12	308499.9999985842
13	314999.99995122507
14	335000.0000651148
15	334999.99997629155
16	342000.0001045965
17	364999.9999655172
18	367499.9999694541
19	382500.0000929452
20	384999.9999552363
21	402999.99999761966
22	407500.00010218547
23	419000.00003359845
24	419999.9999640184
25	430000.0000039196
26	435000.0000309359
27	436110.00004888885
28	437500.0001373067
29	439950.00002122903
30	439999.99993771315
31	445700.0000409877
32	459990.0000360225
33	463000.00000052707
34	470000.00000713434
35	482000.00010247354
36	491499.9999503717
37	494999.9999533414
38	499949.9999487452
39	550000.0000965799
40	550000.0000413094
41	554999.9998967744
42	588500.0000169227
43	603999.9998611085
44	612499.9998769831
45	614999.9999597889
46	624999.9997949207
47	625000.000010636
48	626000.000066018
49	630000.0001182907
50	640000.0000207621
51	650000.0000122049
52	697999.9998854623
53	749999.9999658037
54	749999.9999564108
55	785000.0001262143
56	789999.9999338354
57	805000.0000397908
58	838000.0002053683
59	1200000.0000609013
60	309999.9999757201
61	379879.9999752866
62	624999.9999225411
63	331949.99991783395
64	365000.000023832
65	627999.9999829963
66	774999.999979479
67	783499.9998717221
68	206000.00000076176
69	220000.00003990336
70	232000.00002987325
71	244999.99999165023
72	249949.9999234003
73	286999.99996028317
74	300000.00000888575
75	309950.0000677322
76	309949.99995161
77	327999.99994010286
78	329950.00001296774
79	340000.00004427973
80	339999.99997469987
81	366749.9999745974
82	379949.99999674497
83	384899.9999235352
84	398749.99997965014
85	400000.00005475944
86	399999.99998338794
87	405000.0000178107
88	406099.9999949899
89	409999.9999441745
90	414999.99994022155
91	416285.99995207204
92	418000.00000681967
93	419190.00003819604
94	434999.9999658379
95	449249.9999699407
96	478000.0000343306
97	484999.99990657147
98	487584.9999965071
99	499000.0000415429
100	500999.99997459847
101	509899.99999432464
102	524000.0000316822
103	541125.0000461389
104	549000.0000873212
105	554999.9999129812
106	559999.9999417498
107	569999.9999468933
108	579999.9999768168
109	584999.9998880783
110	600000.0000647134
111	599999.9999585248
112	614999.9999666901
113	618499.9999223965
114	626999.9999003417
115	631625.0001057932
116	650000.0000398236
117	669999.9999257537
118	705379.9999923083
119	712197.9999852033
120	736500.0000367132
121	744312.4999380829
122	754999.9999241385
123	770000.0000139353
124	779999.9999901572
125	800000.0000686995
126	800865.9999208617
127	822999.9998789635
128	829999.9999401424
129	831000.0000449358
130	865000.0001267862
131	890000.0001129404
132	890000.0000300757
133	1030000.0000198769
134	1394999.9999132857
135	2279999.9994228426
136	136500.00005390286
137	175000.00003007037
138	190999.99996260196
139	196999.9999583116
140	217999.9999911172
141	218999.99999220792
142	233999.99999859373
143	249999.99998378052
144	272000.00006700464
145	279899.99996084353
146	279999.9999982605
147	279999.9999520011
148	284000.000021988
149	295000.0000228788
150	311999.9999678889
151	313950.00003727875
152	324999.9999163915
153	329350.0000490701
154	344999.99999695143
155	344999.9999881136
156	353000.00001272437
157	360000.00004378264
158	361999.99998721975
159	364999.99995231006
160	367500.00007856876
161	369950.0000062542
162	379899.99999713356
163	385000.0000220928
164	386999.999942929
165	389999.9999049388
166	390000.0000529905
167	397000.0000307762
168	404000.00001235085
169	424999.99997817795
170	439333.3333203549
171	454999.99997698574
172	474999.9996897641
173	483499.99979227094
174	484000.0000296546
175	484999.99999712646
176	488000.00003548595
177	499000.0000327646
178	500000.00000639487
179	512999.9999740225
180	515000.0000519403
181	518000.0000119136
182	519999.99994631426
183	524999.9999294389
184	530000.0000221782
185	532999.9999904677
186	534999.999935508
187	561000.0000077933
188	562000.0001000765
189	563000.00006315
190	575000.0000900916
191	580000.0001468114
192	599000.000060986
193	606000.0000277302
194	608999.9999792627
195	609999.9999771853
196	612499.9999261779
197	649999.9999607676
198	655499.9998984691
199	684999.9999661157
200	725126.0000418505
201	736000.0000833431
202	762300.000181563
203	776000.0000960794
204	860000.000036114
205	979000.0000556486
206	1135000.0000273243
207	1225000.0000560926
208	1580000.0001261567
209	1869999.9999038402
210	159999.9999705083
211	176224.99998115376
212	184999.99999182014
213	209950.000079541
214	226499.99999285897
215	230000.00008097864
216	239900.00002413403
217	244999.99998816283
218	245999.99998285872
219	248499.9999340228
220	248999.99995538677
221	249999.99996485544
222	253000.00001671934
223	254999.99998358692
224	275000.000007503
225	280000.0000147889
226	310000.00002617686
227	313000.0000261721
228	314499.9999928847
229	314949.9999378068
230	329999.9999518474
231	339949.9999813228
232	349999.9999996394
233	352000.0000015994
234	361279.9999734414
235	364999.99999385496
236	374999.9999418761
237	379499.99994848773
238	380000.00002439425
239	404999.99998801795
240	409499.99997874355
241	414999.99998278846
242	417249.99992967653
243	419999.9999625911
244	425000.00002258684
245	427999.9999697466
246	440000.0000606796
247	444844.999996099
248	460000.00000707805
249	480500.0001041396
250	485000.0000154138
251	492000.0000358071
252	494999.999997318
253	499999.99984045455
254	500324.0000623165
255	502999.9999400675
256	509999.99998530984
257	515000.0000025216
258	519949.99997757934
259	525999.9999723665
260	529999.9999648718
261	540000.0000425309
262	560000.0000990558
263	559999.999942737
264	567999.9999851808
265	575000.0000519275
266	581000.0000357144
267	599000.0000348459
268	599998.9999942324
269	600000.0003230681
270	618080.0000040706
271	629999.9999739516
272	640000.0000000783
273	651000.0004051366
274	705000.0001115353
275	749950.0000084307
276	750000.0001029768
277	758000.00001803
278	774999.9998998756
279	794153.999991155
280	899999.9990820182
281	1040000.000052148
282	1150000.0000841909
283	1499999.9999907631
284	1532499.9998681897
285	133999.9999927648
286	205000.00001579645
287	207000.00003117073
288	228000.0000623915
289	229000.0000097043
290	230000.00004504004
291	230000.00000625907
292	234999.99995905196
293	244999.99996634616
294	246000.00001636916
295	257999.9999633887
296	260000.0000683432
297	261999.9999815737
298	265999.9999774941
299	269999.9999905563
300	292285.7143163796
301	294999.99999638466
302	297950.000030107
303	321950.00003319007
304	325900.00002391846
305	347499.9999663712
306	349000.00004664354
307	350000.00003440003
308	358000.0000276827
309	375000.00007826224
310	384999.9999463413
311	401999.9999421453
312	402999.9999333788
313	404999.99992533715
314	413450.00000154006
315	424500.00002862286
316	436999.99999731744
317	441750.00001759845
318	450000.00009166636
319	489990.00003127294
320	493999.99999368534
321	500000.00003203447
322	530000.0000022177
323	530000.0000509777
324	532999.9999895828
325	535000.0002232131
326	537499.9999312825
327	537500.0000043891
328	537999.9999919368
329	543200.0000069718
330	559949.9999689021
331	569000.0000465733
332	589899.9998126128
333	594999.999995451
334	615000.0000062677
335	647500.0000200585
336	716499.9999284273
337	718999.9999880604
338	753888.0000836259
339	780000.0000035524
340	830000.0000698846
341	868500.0000993795
342	930000.0000288999
343	980000.000080554
344	1038999.9999573051
345	1249999.9999366193
346	195000.000004627
347	201500.00003927416
348	212000.00000943185
349	224500.00003822419
350	225000.00004582186
351	234950.00006608514
352	247999.99993096484
353	250999.99998120172
354	252499.99999034533
355	254000.0000215905
356	255000.00001473693
357	255000.0000273405
358	260000.00003516275
359	260000.00004337082
360	269999.9999875676
361	269999.9999672887
362	280000.0000008186
363	280949.9999505682
364	290000.0000427628
365	303500.0000319501
366	311100.0000741755
367	311999.9999920312
368	314999.9999509998
369	320000.00002149655
370	323000.0000085891
371	323999.99999951705
372	325000.0000610546
373	329999.9999905725
374	346750.0000511985
375	352000.00000045897
376	375999.99996967375
377	381999.9999967629
378	387000.000028506
379	402499.9999992416
380	414999.99994895974
381	445000.0000192838
382	444999.99993980146
383	459999.99999380205
384	463000.00004533643
385	464999.9999263002
386	481449.999971242
387	489999.9999324105
388	491300.0000191569
389	505000.0000021834
390	511555.000028904
391	524999.9999821996
392	532000.0002115045
393	535999.9999484817
394	536500.0000710412
395	542500.0001526492
396	557000.0000743886
397	564999.9999933448
398	566000.0000121312
399	579999.9999555184
400	582999.9999399496
401	585000.0000831619
402	590000.0000771828
403	603999.9998798479
404	609999.9999940161
405	742499.99996739
406	764999.9998794269
407	769900.0000127646
408	782000.000045119
409	833000.0000250398
410	839900.00005227
411	851000.0001530873
412	920000.0000086253
413	984999.9999839556
414	1019999.9997668451
415	1157200.0002074072
416	1370000.0000656855
417	1702499.9998237332
418	2238888.0003794385
419	265000.0000055138
420	319999.9999323214
421	394949.9999900485
422	549899.9999620874
423	875000.0000487234
424	368000.0000497225
425	842499.9999776958
426	156000.0000440458
427	185000.0000332074
428	191999.99994769844
429	201000.000012356
430	209999.99997436994
431	211000.00002600157
432	225000.00001881493
433	235000.0000032203
434	238749.9999788321
435	254000.0000535579
436	254999.99998364746
437	265000.000052141
438	268971.8749776542
439	299999.99992905825
440	301999.9999970091
441	315274.9999802749
442	330000.00000030803
443	334999.9999416232
444	339000.0000198984
445	340999.9999328176
446	349999.9999864169
447	359999.99992387096
448	368000.00000076025
449	369000.00000264635
450	372499.99991970364
451	383000.0000325906
452	410000.0000142417
453	420000.00002988375
454	453246.0000045211
455	465000.0000405114
456	489999.9999630427
457	499999.99997716985
458	504999.9999572664
459	504999.9999997035
460	522000.000035688
461	571986.1111457539
462	582000.0000385584
463	609999.9999881429
464	614999.9999147383
465	620000.0000085152
466	629999.9999672262
467	634999.9999500258
468	641999.9999632555
469	647000.0000409444
470	675000.0000168522
471	689999.9999072917
472	734200.0000168924
473	746000.000052133
474	750000.0001139217
475	751000.000053919
476	770000.0000077661
477	787999.9999265553
478	839999.9998853373
479	850000.0000602945
480	876649.999871047
481	885000.0000513995
482	900000.0001203053
483	909999.9999173391
484	927000.0000216303
485	947499.9999395716
486	947499.9999481541
487	949999.9996746758
488	1014999.999864198
489	1033888.0000185065
490	1049999.9999543962
491	1224999.9998116582
492	1225000.0000021972
493	1263999.999934188
494	1315000.0001044301
495	1346400.0000012123
496	89999.99997088473
497	155000.0000169082
498	225000.00002209988
499	225000.00003234326
500	224999.99996674978
501	224999.9999532966
502	229999.9999877914
503	239950.00005052277
504	245000.00005819098
505	267345.000064749
506	284999.9999894338
507	286999.9999503702
508	287599.9999737697
509	289000.0000142169
510	318999.9999125746
511	322500.000014921
512	330000.0000361864
513	345000.0000276805
514	349999.99998176075
515	370000.0000143282
516	372999.9999904181
517	375000.0000383628
518	384999.9999623578
519	404999.9999916243
520	412999.99998866237
521	415000.00002443645
522	435000.0000545497
523	449499.99997629126
524	450000.00011601
525	450000.00001570414
526	455000.0000075826
527	460000.0000681844
528	464000.00000432687
529	474999.99997944233
530	480000.0000520987
531	502000.0000074554
532	504999.99994324264
533	524999.999977691
534	524999.9999745009
535	524999.9999664464
536	529999.999949093
537	529999.9999868289
538	549999.9999088943
539	550000.0000345313
540	554250.0000474325
541	559999.999939475
542	570000.0000035163
543	574999.9999854361
544	579999.9999664145
545	581000.0000091061
546	590999.9998221961
547	591000.0000263592
548	620000.0000576688
549	625000.0000263356
550	627999.9999640557
551	634999.9999163809
552	645000.000061501
553	650000.000039519
554	650999.9999785984
555	659999.9999893836
556	665000.0000112411
557	674999.9999612053
558	674999.9999898605
559	699999.9999982751
560	756999.9998493795
561	776999.999885725
562	780000.000087591
563	799200.0001002285
564	819899.9999535206
565	859999.9999867564
566	870000.0001115236
567	974999.9999402099
568	1050000.0000907015
569	1399999.9999162673
570	1680000.0002356903
571	139000.00006500923
572	154999.99999087022
573	159999.99992008213
574	174999.99999805988
575	215000.0000204459
576	223000.00002189478
577	233999.9999904783
578	252999.99998099182
579	257200.00002485313
580	265000.0000137841
581	266000.0000636902
582	267800.0000087928
583	300000.00003876333
584	305494.99994602887
585	305999.9999974169
586	310000.0000195114
587	309999.9999600799
588	316000.0000359025
589	317000.0000405501
590	325000.00006954966
591	337500.000073028
592	339950.00004382554
593	340000.0000816539
594	344999.999932128
595	349949.99995377474
596	356000.00003306806
597	364000.0000372615
598	372220.00001981115
599	372977.00006618793
600	384999.99996626325
601	420000.0000794442
602	437000.0000385828
603	449999.9999867378
604	458000.0000113023
605	470000.00004900066
606	486000.0000942015
607	489199.99996928097
608	497999.9999274062
609	498999.9998751868
610	510000.00000145804
611	510999.99998593854
612	525000.0000315737
613	529999.999976878
614	542000.0000455487
615	542999.9995259903
616	542999.9999530711
617	546000.0000049962
618	562000.0000125087
619	565000.0000681868
620	607499.9999590189
621	619999.9999754071
622	624999.9999334177
623	633099.9999424324
624	682000.0000034514
625	702500.0000072574
626	706999.9999253256
627	714999.9999515042
628	723000.0000150913
629	740000.000053899
630	740000.0000386543
631	766950.0000299291
632	773000.000038693
633	801999.9999840751
634	924999.9999179685
635	930000.0000929824
636	949999.9998684314
637	954999.9998977804
638	965999.9998532392
639	1119999.9999950272
640	1222500.000163514
641	148612.50001220446
642	174949.9999442344
643	185000.00002384544
644	189999.9999677983
645	197500.0000045378
646	204700.00001701206
647	215000.00001565917
648	224999.9999848326
649	240000.00005470883
650	244999.99996033064
651	250000.00002794535
652	252349.9999681792
653	255000.0000569966
654	256883.00004022408
655	262999.9999538284
656	270000.00001594616
657	274750.0000507962
658	279999.99994740885
659	295000.0000120306
660	300000.00005265104
661	300000.0000558015
662	302000.00000038004
663	311999.9999687599
664	312499.99997779774
665	316500.00003699627
666	340000.00002764026
667	342400.0000043681
668	343000.00001763646
669	344000.00001620606
670	349950.0000271697
671	349949.99998654105
672	370000.00009432714
673	374999.99998977286
674	386379.99996592273
675	390000.0000837166
676	395300.0000207645
677	400000.0000183744
678	412499.9999937644
679	416999.99998705654
680	423000.00000636023
681	451555.0000256421
682	455000.0000735212
683	464999.99992210825
684	465749.99995906214
685	466999.999974576
686	474999.999993721
687	495000.0000201438
688	497000.0000117927
689	512499.9999502615
690	525000.0000929887
691	540833.33323611
692	550000.0000334847
693	574999.999922389
694	575000.0000386093
695	580049.9999673639
696	582800.0000200026
697	584999.9999996093
698	592499.9999760544
699	612999.9999420634
700	620000.0000857726
701	640000.0000667216
702	689899.9999428552
703	694999.9999597471
704	694999.9999080877
705	749399.9998775282
706	764999.9999284626
707	803099.9999154101
708	819995.0000384944
709	828950.0000051514
710	840000.0000524996
711	914500.0000045727
712	1000000.000118678
713	1085000.0001308457
714	1255000.0000395782
715	174499.9999977586
716	180000.00003224664
717	204999.99991657064
718	238000.0000488458
719	239899.99994571783
720	239949.99997376255
721	245000.00001727682
722	247999.99996400796
723	249000.00003715148
724	249999.9999441273
725	252700.00000062608
726	254000.00003530917
727	275000.0000374059
728	282613.00001867913
729	305999.99998913193
730	306499.999874279
731	314000.00007284764
732	317000.0000676776
733	326428.5714530491
734	330000.00002182036
735	340999.9999955805
736	342000.00000225153
737	344999.9999659089
738	349999.99995192274
739	370000.0000260685
740	375000.00001180964
741	375000.00002197357
742	377499.9999463386
743	379950.00007918465
744	385000.0000035958
745	400000.00009336707
746	408200.00003131176
747	425000.0000811321
748	432999.9999240147
749	437499.9999314415
750	440824.9999888848
751	445000.0000005442
752	445000.0000883107
753	446000.0000334467
754	450999.9999865608
755	480000.00005480525
756	489999.9999376153
757	522500.0000872781
758	523000.0000063857
759	540000.000043513
760	551000.0000524153
761	565000.0000398196
762	577437.4999484636
763	611000.0000466171
764	618999.9999999254
765	619499.9999283644
766	620000.0000314683
767	644999.999954158
768	674999.9998599733
769	719999.9999315678
770	724799.9999332133
771	725000.0000100596
772	730099.9999523081
773	785000.0000522961
774	799000.0000198822
775	804995.000010362
776	862500.0001127047
777	874999.9999509553
778	1269999.9998836848
779	2000000.0000240381
780	409999.9999845829
781	297000.0000172161
782	352500.00001497526
783	414999.99996078195
784	487999.99997899693
785	534640.0000285178
786	575550.0000269107
787	732000.0001394419
788	110700.00002528139
789	137000.00001251625
790	141799.99997629249
791	176399.99998641593
792	193000.0000595062
793	210000.00005234376
794	215000.00001502692
795	215000.00000516968
796	241000.00004186205
797	246999.9999862918
798	251200.00003453225
799	256500.00005536797
800	257499.99999414507
801	279999.99997310626
802	279999.9999793861
803	285000.0000389058
804	285000.00000454154
805	290000.00004080124
806	289999.9999564539
807	296500.00006569386
808	298449.9999626159
809	304999.99998319184
810	307000.00001111685
811	319949.9999470513
812	319999.9998934095
813	332999.9999409089
814	339000.00004805106
815	350000.0000227493
816	366500.0000545157
817	367999.99994985835
818	372999.99996624305
819	386591.0000618625
820	390000.00002502004
821	411000.00004258467
822	429000.0000690181
823	433500.0000393333
824	439999.9999617415
825	442499.99996455736
826	446000.0000655515
827	461999.9999660429
828	461999.99997702934
829	464000.0000036827
830	475000.0000699326
831	475000.00000705366
832	477000.00002136617
833	482499.9999721791
834	485000.0000121386
835	484999.9999716284
836	485000.00003964925
837	487249.9999786652
838	518000.00003121205
839	524950.0000625581
840	530000.0000169814
841	560000.0000033303
842	565000.0000014391
843	572500.000017748
844	574999.9998994994
845	587999.9999555309
846	601999.9999188989
847	610999.9999240856
848	646212.5000075438
849	690000.0000172668
850	692000.0000574174
851	699999.9999769386
852	755000.0000159829
853	762000.0000738295
854	809999.9999149995
855	818000.0000457881
856	849999.999864223
857	869000.0001345649
858	885000.0001223226
859	1000000.0001005346
860	1216000.0001196768
861	1405000.000192926
862	120750.00002082398
863	192500.00000083967
864	194000.00000245887
865	199999.99997769482
866	206000.00004800656
867	219950.00000172455
868	242999.9999959033
869	250000.00000946256
870	249999.99992791715
871	258999.9999859259
872	260000.00000988215
873	263000.00004293217
874	268499.9999965518
875	268971.8750475238
876	271310.00000490627
877	289000.00000015146
878	291000.00000794505
879	299950.00000364176
880	300000.0001084863
881	300000.0000583635
882	299999.99995223054
883	304999.9999806494
884	308999.9999939475
885	314999.99983564543
886	314999.9999857978
887	317061.8749986227
888	319999.99995808623
889	324999.99995476205
890	326000.000006526
891	328999.9999793505
892	329899.9999522332
893	329995.0000256265
894	330000.0000690946
895	329999.9999987161
896	334999.9999945352
897	344999.9999807469
898	345599.999959864
899	350000.00003613444
900	372500.0000389488
901	376000.0000117907
902	380000.0001184501
903	379999.9999460399
904	383999.99998598895
905	384999.99998735584
906	386999.99997172394
907	387499.99998521904
908	389999.99999602255
909	394999.9999852827
910	396674.9999325226
911	404999.99995149585
912	409316.0000442831
913	415000.00002723845
914	422999.9999991347
915	426000.00009235454
916	429999.99999292643
917	439000.0009373191
918	439999.99994137423
919	439999.99997134844
920	450000.0001233598
921	452000.0000232723
922	458000.00002515287
923	466999.99999438436
924	474999.9999935859
925	480000.0000325882
926	483944.9999225658
927	489999.9999325854
928	489999.9999525372
929	493999.999982226
930	499949.99994808895
931	507499.9999973639
932	514999.9998872957
933	519899.99997319246
934	520000.0000082281
935	524999.9999335721
936	551000.0000142854
937	598000.0000935795
938	599949.9999543988
939	614999.9999162428
940	619499.9999868277
941	619999.9999601931
942	624999.9998420731
943	638999.9999639962
944	674999.9999476922
945	674999.9999805638
946	699000.0000076671
947	730000.0000340566
948	749949.9999562344
949	754999.9999614275
950	759999.9999917698
951	764999.9999929674
952	785000.0000456319
953	860000.0000403284
954	879949.9999008009
955	924999.999823401
956	953006.9999076116
957	977999.9999861802
958	1100000.0000656676
959	1125000.000104178
960	1212500.000039536
961	1300000.000148512
962	1799999.999968685
963	150000.0000288963
964	189649.99997692078
965	194999.99995838085
966	195000.00001340985
967	210000.00003726158
968	217999.9999769232
969	220000.00009325115
970	219999.99999877604
971	230000.0000233972
972	239999.99997180805
973	246000.0000653411
974	249900.0000057793
975	250000.00002883276
976	255000.0000062674
977	256750.00003948988
978	260000.0000845031
979	266066.66668845847
980	270000.00006922835
981	274999.9999321602
982	284999.9999517013
983	288399.9999738488
984	299799.99999180937
985	299900.0000192056
986	299999.9999907496
987	318989.00003539573
988	324999.9999876861
989	330000.00006280676
990	332499.9999802847
991	334989.9999544674
992	344499.9999736236
993	350000.000041341
994	360000.00006791827
995	368250.0000059838
996	374000.00001883827
997	385499.9999804799
998	389998.999955874
999	396449.9999525224
1000	404999.9999884383
1001	413799.99999846524
1002	420849.9999666587
1003	430000.00001830864
1004	430000.0000282813
1005	442000.0000875571
1006	450000.000002641
1007	451999.99992983014
1008	474999.9999214152
1009	495000.0000549657
1010	512499.9999289348
1011	519999.9999675091
1012	524999.9999699113
1013	525000.000004433
1014	535800.0000092088
1015	539999.9998872898
1016	556000.0000325945
1017	555999.9999805186
1018	567000.0001126728
1019	589000.0001331698
1020	599999.9999490278
1021	600000.0000762639
1022	619420.0000590547
1023	625000.0000645166
1024	635000.0000354865
1025	655000.0001277507
1026	668750.0000635369
1027	690999.999962663
1028	699999.9999129078
1029	700000.0000344703
1030	720000.0000143921
1031	743999.9999328328
1032	814999.9998626251
1033	894999.9999792894
1034	949999.9999479348
1035	969999.9998787266
1036	975000.0002489046
1037	1002999.9999679927
1038	1030000.000071779
1039	1129999.9998513337
1040	1185000.0001642865
1041	1550000.000039125
1042	149999.99994704255
1043	167999.99998245688
1044	179999.99995607548
1045	179999.99998746428
1046	180000.00003453201
1047	219900.00003204684
1048	235749.99995732197
1049	240015.3333071067
1050	245000.0000029309
1051	249949.99999227474
1052	254500.00004063046
1053	258999.9999813178
1054	270000.0000228678
1055	275000.00006821204
1056	295000.0000127695
1057	300000.00004415517
1058	300000.00002105825
1059	305000.00000814797
1060	307000.00001818355
1061	319950.0000014285
1062	319999.99998126377
1063	319999.9999732754
1064	321000.0000091788
1065	323999.99996642856
1066	330000.0000159724
1067	336999.99998237396
1068	342246.4286106409
1069	348579.999983523
1070	349900.000043302
1071	353250.00001049886
1072	355000.0000081806
1073	355999.99999964325
1074	358999.99996289157
1075	360999.999937037
1076	380000.0000640441
1077	380000.000029662
1078	385000.0000004759
1079	389950.00000556017
1080	399999.9999738547
1081	407999.99994482705
1082	430000.0000332365
1083	429999.99998010055
1084	431499.99994251615
1085	432000.0000323603
1086	432000.0000102874
1087	475000.0000746965
1088	480000.0001731103
1089	481999.999934369
1090	491999.9999987744
1091	494400.00005648227
1092	503000.0000237032
1093	555000.0000428533
1094	585000.0000147949
1095	592499.9999512996
1096	599999.9999814224
1097	604699.9999185981
1098	622499.9999208243
1099	625000.0000062068
1100	635699.9999446179
1101	648360.0000168484
1102	654999.9999997105
1103	656999.9999569941
1104	657500.0000602282
1105	660000.0001163323
1106	665000.0000358145
1107	677000.0000629118
1108	749000.0000658836
1109	770000.0000470532
1110	804999.9999864687
1111	849999.9999656888
1112	909999.9998674717
1113	999999.9998520282
1114	1050000.000081611
1115	1049999.9999643192
1116	1051000.000106868
1117	1075000.0001478752
1118	1169999.9999893422
1119	79999.9999887843
1120	89999.99999535954
1121	132499.9999856966
1122	175000.00002004963
1123	200000.0000021417
1124	218000.00001379833
1125	224999.9999873488
1126	234999.99991920593
1127	235000.00004400467
1128	244000.00000291714
1129	254999.999968291
1130	257999.9999684852
1131	259585.57144168788
1132	274999.99994360027
1133	300000.00000388623
1134	305999.9999641267
1135	325000.00001216476
1136	334000.0000560784
1137	335000.00004165387
1138	349999.9999496158
1139	354999.999965431
1140	359999.99999063666
1141	377691.00005432963
1142	382999.9999899629
1143	387999.9999654175
1144	399500.0000669432
1145	401999.9999376373
1146	410000.00002019445
1147	415999.99996684043
1148	432999.99999597506
1149	439949.9999691303
1150	440000.0000583836
1151	445000.0000333104
1152	449950.0000109145
1153	460000.0000544657
1154	461999.99996435107
1155	464599.9999782829
1156	465425.00006493554
1157	467099.9999614153
1158	505000.0000094886
1159	515000.00004672
1160	525999.9999150723
1161	530000.0000750679
1162	534999.9999486479
1163	549899.9995127076
1164	549999.9999684767
1165	550000.0000014945
1166	551999.999962019
1167	554819.9999018643
1168	555999.9999627058
1169	580000.0000216439
1170	585000.0000117612
1171	598999.999986802
1172	605999.9999963797
1173	625000.0000432972
1174	648474.9999115017
1175	661253.999976837
1176	664999.9999689658
1177	670499.9999932228
1178	675000.0000959784
1179	735000.000025127
1180	782000.0001176008
1181	788599.9999326814
1182	902000.0000706504
1183	945000.000078461
1184	950000.0000236343
1185	980000.0001045197
1186	1049999.9997885365
1187	1200000.00023447
1188	1324999.9999007145
1189	1609999.9998496652
1190	198999.9999921868
1191	245000.00004876265
1192	347000.0001101822
1193	371999.9999612385
1194	440500.0001045596
1195	479000.0000461106
1196	496699.99994759983
1197	820000.0000981727
1198	1680000.0000920394
1199	195000.00003379438
1200	295000.0000222996
1201	324999.99999699235
1202	355300.00005619647
1203	674999.9999111355
1204	172500.00001305272
1205	276000.0000001867
1206	346000.0001043302
1207	369999.9999854827
1208	379950.0000238461
1209	459999.99992103025
1210	690000.0000028793
1211	880000.000120528
1212	159999.99999472187
1213	244000.0000262297
1214	254999.9999911866
1215	259999.99999927162
1216	263899.99999299407
1217	265000.00003670953
1218	267999.99999854126
1219	274949.99998154835
1220	279999.99995416804
1221	282000.0000240416
1222	283199.9999796137
1223	292049.9999715831
1224	295832.0000447454
1225	304000.00002231874
1226	305000.0000778919
1227	312000.00002485677
1228	312900.0000271183
1229	312999.99992831715
1230	324999.99995736574
1231	326100.0000426735
1232	326499.9999946057
1233	328211.90480015986
1234	329000.0000314519
1235	344950.0000208018
1236	344999.9999740121
1237	354999.9999463725
1238	360000.0000255933
1239	360000.0000456495
1240	369999.99997915496
1241	374999.9999808932
1242	375000.0000642418
1243	388999.99995777826
1244	399000.00002608186
1245	399949.99997024547
1246	399999.9999949063
1247	404999.9999261582
1248	405000.0000074937
1249	415000.00002331694
1250	414999.99996854673
1251	424999.99998368387
1252	434999.99998595053
1253	438000.0000049322
1254	449999.9999913196
1255	450800.0000481764
1256	455499.99997009756
1257	455600.0000330033
1258	457500.0000043698
1259	460000.0000097126
1260	464999.9999941495
1261	467999.9999926681
1262	476999.99992288474
1263	480000.00005929894
1264	487999.9999681098
1265	495000.0000432963
1266	494999.9999290884
1267	499950.000016914
1268	499999.99995209737
1269	515000.0001126629
1270	524999.9998979917
1271	535000.0000918141
1272	540000.0000195138
1273	569950.0001751874
1274	569999.9998755903
1275	585000.0000298219
1276	627000.0001207337
1277	673476.8181882241
1278	675000.0000233039
1279	685000.0000068201
1280	687999.9999710793
1281	714999.9999624863
1282	725000.0000128553
1283	731999.9999318871
1284	735000.0000231777
1285	751749.9999529229
1286	754949.9999192157
1287	760000.0000080898
1288	779999.9999511556
1289	800000.0000274259
1290	829999.9998952339
1291	856999.9998283049
1292	960000.0000262444
1293	967499.9999640574
1294	970000.0000325965
1295	993999.9999655695
1296	1049999.9999956787
1297	1148999.9997600697
1298	1599999.9999946428
1299	1709999.999908323
1300	87500.00000461958
1301	127160.0000192004
1302	150000.00004256354
1303	157499.99994746054
1304	168499.9999809433
1305	174999.99996615236
1306	178650.00000747704
1307	186950.0000491355
1308	188999.99994746546
1309	209999.99999203053
1310	215000.00003214838
1311	214999.99999091597
1312	224000.00002366616
1313	224999.99992324857
1314	224999.99996083725
1315	236000.0000624371
1316	242000.00000300905
1317	244615.00003998642
1318	245099.99998494468
1319	253400.0000631236
1320	253999.99998123726
1321	253999.99999436998
1322	266199.99997162557
1323	267000.0000010312
1324	269999.9999832138
1325	277000.0000605538
1326	282508.88892465417
1327	285000.000008815
1328	298999.9999811457
1329	305000.0000723543
1330	306000.0000072322
1331	310000.0000334028
1332	325000.0000045438
1333	326000.00004800217
1334	335000.00001034734
1335	341749.999897773
1336	345000.00001059857
1337	355000.00003690016
1338	354999.99993560894
1339	363000.00002423
1340	364999.9999698335
1341	379999.99996657274
1342	394999.99999751756
1343	419999.9999767229
1344	425000.0000071784
1345	428999.9999978826
1346	430000.0001632391
1347	432499.9999910662
1348	435000.0001291047
1349	438749.99998561526
1350	450000.0000389529
1351	450385.71429614373
1352	460000.00003146555
1353	465000.00001786003
1354	465000.00000869064
1355	474800.000047714
1356	479899.9999704895
1357	489999.99995505146
1358	499949.99998534395
1359	510000.00003682927
1360	510250.00002152607
1361	514999.999986571
1362	532500.0000606993
1363	535000.0000390022
1364	537000.000009711
1365	544500.0001254674
1366	550000.00003816
1367	555000.0000291195
1368	564999.9999220228
1369	580000.0000182751
1370	590000.000002064
1371	599000.0000236776
1372	599999.9999733308
1373	599999.9999988042
1374	630000.0000030019
1375	634999.9999888651
1376	654999.9998993322
1377	665000.0000644622
1378	681000.0000022431
1379	681715.9999491726
1380	699999.9998279354
1381	700000.0000495164
1382	738999.9999431674
1383	740000.0001608868
1384	740000.0000910936
1385	782000.0000286514
1386	814999.9999957585
1387	820000.0000768639
1388	840000.0000688909
1389	839999.9999569968
1390	840500.0000222975
1391	875000.0001024808
1392	897999.9999545019
1393	900000.0000511196
1394	924999.9999711119
1395	959999.9999721103
1396	967999.9999519376
1397	999000.0001651171
1398	1210000.0000889618
1399	1285000.0000654159
1400	1400000.0000707791
1401	144999.99998945172
1402	154999.9999824114
1403	156766.66664984814
1404	210000.00000934748
1405	229999.9999558103
1406	231000.00005750608
1407	246499.9999198269
1408	250000.00006550577
1409	264000.00002536905
1410	264949.99996466906
1411	266500.0000047184
1412	267500.00005369756
1413	295000.00000206206
1414	300000.0000017205
1415	300000.0000274807
1416	304999.99998070486
1417	308830.7692517663
1418	329932.000022429
1419	332000.0000595189
1420	349000.000035009
1421	350000.0000004886
1422	395000.00001418655
1423	400000.0000262806
1424	400000.00000950287
1425	400000.0000501104
1426	400000.00001170184
1427	405000.00010581815
1428	404999.9999736506
1429	408900.0000055718
1430	411999.99983972433
1431	436500.00000151794
1432	445000.0000239841
1433	450000.0000697859
1434	452000.00001902017
1435	472000.0000516498
1436	475299.99999716197
1437	484991.66673394333
1438	485000.00000066
1439	503000.0002492754
1440	510000.00006904104
1441	524999.9999197489
1442	525000.0000650524
1443	528999.9999637536
1444	539999.9999184287
1445	550000.0000225027
1446	565000.0000385683
1447	595000.0000028566
1448	602499.9999600999
1449	619000.0000546168
1450	635200.0000262224
1451	644999.9999813682
1452	650879.99996368
1453	658000.0000182963
1454	671999.9999335604
1455	672499.9999927181
1456	680000.0000699149
1457	685000.0000614306
1458	689999.9999209493
1459	695000.0000651173
1460	723000.0000345658
1461	750500.0001029486
1462	789999.9999595258
1463	820000.0001056601
1464	859999.9998825211
1465	949999.9999753104
1466	1425000.000039923
1467	168000.00002782446
1468	173666.66672288172
1469	189999.99994519042
1470	196440.00002005664
1471	237481.2500905191
1472	240000.00004540107
1473	247874.99998499927
1474	259999.99997770952
1475	279999.9999242063
1476	287919.7826269523
1477	299950.00003186945
1478	309487.49999841896
1479	314999.9999544385
1480	322000.00006460183
1481	324999.999969811
1482	326983.33329110313
1483	330000.00000524655
1484	349900.0000472269
1485	369000.00004196336
1486	373999.99999211176
1487	384949.9999374103
1488	385000.0000040123
1489	395000.0000312767
1490	415000.0000363871
1491	425000.0000571398
1492	425000.00002798345
1493	425000.00001808204
1494	427000.00006427773
1495	457999.99997040135
1496	459899.9999638098
1497	465000.0000687187
1498	490000.0000380607
1499	499431.0000122674
1500	530000.0000319588
1501	545000.0000094603
1502	559999.9999852583
1503	567999.9999370524
1504	624999.9998584881
1505	642000.0000198554
1506	642000.0000079827
1507	645500.0000211964
1508	649999.9999671647
1509	655000.0000485891
1510	659000.0000895284
1511	699999.9999544431
1512	714999.9998947299
1513	735000.0000335277
1514	739999.999993094
1515	750000.0000870237
1516	790000.0000397362
1517	825500.0000045098
1518	840000.0001916975
1519	860000.0001036923
1520	919204.000016064
1521	949999.9997100187
1522	1256500.000115303
1523	1384999.9999156536
1524	289950.0000656919
1525	538888.0000783621
1526	586999.9999992925
1527	615000.0000056915
1528	659999.9999880078
1529	692999.9999024494
1530	243000.0000050925
1531	249999.99997936812
1532	459000.0000151827
1533	659999.9999283262
1534	1505000.0000364794
1535	199949.99999910605
1536	249999.99996773535
1537	270000.00000669697
1538	274950.00001589523
1539	275000.00002447766
1540	284999.99998034164
1541	290000.0000221084
1542	298000.00000001554
1543	300000.0000715425
1544	305000.00000162097
1545	304999.99999327067
1546	315000.0000004214
1547	316000.0000133273
1548	319999.9999055871
1549	327000.0000100784
1550	341999.99998765904
1551	344999.99995115236
1552	349999.9999996362
1553	365999.99998491316
1554	379999.999994673
1555	390999.9999572889
1556	400000.0000201904
1557	404000.00001272553
1558	404999.99992284
1559	410000.0000118508
1560	410999.99998281687
1561	432499.9999972516
1562	439800.00000320544
1563	439900.0000533725
1564	439999.99994140444
1565	455000.0000017289
1566	465499.99995499995
1567	469000.0000096684
1568	472499.9999717663
1569	491999.99985228514
1570	500000.0000354449
1571	525000.0000393479
1572	535000.0000164047
1573	539999.9999908156
1574	542804.7500502878
1575	543999.9999716284
1576	550000.0000084791
1577	559900.0001086179
1578	568499.9999524504
1579	580000.0000665308
1580	609999.9999874883
1581	614999.9999901409
1582	629000.0000087515
1583	634999.9999589564
1584	645000.0000959218
1585	653000.0000338946
1586	661000.0000080939
1587	664999.9999213939
1588	668500.0000001282
1589	675000.0000024554
1590	678333.3331978106
1591	686000.0000381505
1592	723243.7500360241
1593	725995.0000462243
1594	729999.9999787186
1595	789000.0000835385
1596	802000.0000158674
1597	819999.9999802669
1598	870000.0000685562
1599	955000.0000111666
1600	1000000.0000763343
1601	1250000.0000584924
1602	108333.3333539211
1603	148612.5000530362
1604	174500.0000141689
1605	193000.00003434258
1606	206000.00003954294
1607	209999.9999613135
1608	222400.00002083692
1609	223000.00001439985
1610	230000.00003727383
1611	233999.9999999784
1612	235000.0000000813
1613	234999.99997109862
1614	234999.99995735602
1615	239000.00004483975
1616	250000.00007127694
1617	252999.99997922784
1618	268000.0000009098
1619	269187.49987709103
1620	272500.0000373149
1621	279999.9999788567
1622	294999.9999697728
1623	309000.00005386426
1624	312000.00003078394
1625	311999.9999594344
1626	319999.9999055473
1627	320000.00003184506
1628	325000.000016725
1629	328499.9999501784
1630	341166.66677606344
1631	363990.0000262214
1632	375900.00008630095
1633	389999.99995688925
1634	399999.9999479174
1635	399999.99998234725
1636	402500.00006601505
1637	409950.000044707
1638	420000.0000658618
1639	425000.0000430153
1640	424999.99998058163
1641	425000.0000359129
1642	427873.9999524076
1643	430000.000056926
1644	430000.0000235021
1645	432000.0000670646
1646	435000.0003842393
1647	439999.99998314056
1648	440000.00005526154
1649	449499.99996043294
1650	471000.00013187266
1651	474900.00012969587
1652	474999.9999084893
1653	494999.9999899451
1654	499999.9999624157
1655	503000.00009400764
1656	535000.0000176454
1657	544999.999935646
1658	548000.0000253106
1659	549999.999996684
1660	559999.9999514124
1661	562099.9999449368
1662	574999.999932164
1663	575000.0000545345
1664	580134.9998411951
1665	589999.9999731159
1666	596165.428562923
1667	599999.9999826546
1668	600000.0000482317
1669	605000.0000296657
1670	613000.0000368118
1671	639999.9999942892
1672	649999.9999542743
1673	654949.9998428387
1674	659999.9999680831
1675	667781.2499494937
1676	689800.0000755889
1677	695000.0000391889
1678	710000.0001097799
1679	712499.9999043996
1680	713250.0000172469
1681	719999.9998697347
1682	770000.0001527532
1683	847000.000080026
1684	874999.9999485883
1685	930000.0000005912
1686	941499.9998668791
1687	959999.9998666923
1688	1069999.9999808904
1689	129000.00001368925
1690	134999.99996668866
1691	161700.00003183747
1692	170000.00003457945
1693	174999.9999817451
1694	189999.99993130215
1695	212500.00003383742
1696	219949.9999865457
1697	228944.4444753922
1698	240499.99998299615
1699	249999.99998431964
1700	250499.99995026714
1701	260999.99995585877
1702	270000.0000491395
1703	274999.99994863104
1704	274999.99996051897
1705	280000.0000030678
1706	284999.99999714864
1707	289949.9999805924
1708	310000.00002956955
1709	317000.0000179672
1710	320000.00007943925
1711	324950.0000258067
1712	327499.9999721185
1713	327500.0000011076
1714	335000.00004994444
1715	339999.9999635957
1716	355000.00004831253
1717	364949.9999107702
1718	365000.0000208947
1719	370999.9999948348
1720	375000.0000103911
1721	375000.00001744094
1722	390000.0000520315
1723	389999.9999304395
1724	392500.0000196772
1725	399949.999956601
1726	399999.9999540155
1727	399999.999996639
1728	411714.9999892005
1729	415000.0000034085
1730	418500.00008114387
1731	427500.0000225897
1732	437000.0000094794
1733	453500.0000836662
1734	455000.000019117
1735	470000.00000175176
1736	484999.9998812215
1737	499949.99997493485
1738	499999.999971546
1739	520000.0000225848
1740	525000.0000230763
1741	531999.9999413564
1742	532000.0000545247
1743	539000.0000191763
1744	544999.999988367
1745	549000.0000779524
1746	557125.0001638677
1747	559999.9999629479
1748	564999.9999378512
1749	572000.0000771236
1750	582999.9999065989
1751	586500.0000282465
1752	603499.9999518709
1753	610000.0001136718
1754	645999.9999110448
1755	648000.0000389023
1756	658587.9998241297
1757	685000.0001521012
1758	745999.9999444655
1759	759999.9999399966
1760	760499.9999511879
1761	765000.0000471093
1762	790999.9999709246
1763	837499.9999849075
1764	860000.0001721611
1765	864999.999968176
1766	874999.9998780708
1767	907500.0000329164
1768	988999.9999295989
1769	1099999.9999899885
1770	1126000.0002156573
1771	188999.99999173914
1772	210000.00001760427
1773	214100.00004049783
1774	228999.99991871626
1775	237000.00004497182
1776	237227.85705214553
1777	240000.00004799053
1778	250000.00001869773
1779	254999.99995450256
1780	257000.0000028429
1781	268500.00007858995
1782	268999.99996132404
1783	270000.00007056684
1784	270000.00007574627
1785	275000.00002794823
1786	279950.00008463557
1787	288999.9999729517
1788	292000.0000244745
1789	297500.00000414316
1790	299949.9999564508
1791	324500.0000069288
1792	334999.9999836877
1793	335000.00004351424
1794	342999.9999729325
1795	355499.9999601988
1796	355999.9999985851
1797	359799.99993136956
1798	372500.0000192858
1799	374999.99998439936
1800	375999.99991630047
1801	384999.9999799794
1802	389999.99992961175
1803	395000.00004865066
1804	395000.0000271408
1805	411605.0000831957
1806	420642.8571294792
1807	424999.9999764708
1808	440825.0000408177
1809	445000.000021732
1810	449950.00004526245
1811	449999.9998865799
1812	453500.00004927826
1813	455999.99995215266
1814	465000.00001881557
1815	466499.99999427696
1816	466800.0000934532
1817	492000.0001072522
1818	495000.0000960304
1819	498999.99999662786
1820	499499.999967913
1821	499950.00005176547
1822	529999.9997862725
1823	529999.9999579357
1824	535000.0000186755
1825	540000.0000003172
1826	545000.0001577918
1827	547000.0000519308
1828	550000.0000615134
1829	554999.9999273098
1830	559999.9999849611
1831	565000.0000727752
1832	592105.7143083883
1833	609999.9999899896
1834	618999.999997322
1835	619999.9999377403
1836	630000.0000238351
1837	639999.9999923449
1838	652999.9999241428
1839	699999.9999980704
1840	700000.0000456314
1841	725000.0000432924
1842	748999.9999387083
1843	749950.0000292237
1844	795000.0000061839
1845	798000.0000181701
1846	799000.0000332397
1847	874999.9999231262
1848	875000.0000083225
1849	885999.999970837
1850	1075000.0001723794
1851	1300000.0000477512
1852	1414999.9999761235
1853	184999.99998013192
1854	253499.9999807207
1855	269999.9999547885
1856	278999.9999106369
1857	284999.9999839342
1858	294700.0000054479
1859	299999.9999272763
1860	315000.0000389657
1861	315368.699932309
1862	319999.9999650307
1863	360000.0000039143
1864	385200.0000357127
1865	387500.0000321002
1866	389249.999959614
1867	401999.9999535139
1868	405000.000039513
1869	407193.00006733736
1870	415000.00003535947
1871	417985.7142788073
1872	431999.9999938141
1873	435000.0000089436
1874	444999.9999250349
1875	450000.0000048998
1876	452000.0000173635
1877	455000.00006117515
1878	455000.0000646209
1879	471000.00005168444
1880	499999.9999798392
1881	509999.9999543513
1882	509999.9999897583
1883	525000.0000525881
1884	535500.0001057681
1885	539000.000014372
1886	545000.0000368445
1887	549999.9999722976
1888	569999.9999576976
1889	585000.0000218359
1890	589499.9999286542
1891	594999.9999272648
1892	599999.999909518
1893	649999.9999054869
1894	659999.9999768133
1895	679999.9999059726
1896	715000.0001072868
1897	723243.7500064524
1898	735000.0000611318
1899	739000.000035812
1900	744000.0000267163
1901	805000.0000096302
1902	809949.9998693184
1903	834999.9999634132
1904	837219.0000777915
1905	894999.9999776079
1906	919999.999930732
1907	969989.999866171
1908	1034999.9999493031
1909	1120000.000027604
1910	1279999.999936642
1911	1300000.000081471
1912	1337044.199975693
1913	462000.0000890166
1914	490000.0000598266
1915	568500.0000080288
1916	611000.000031219
1917	259999.99992769552
1918	444999.99996668287
1919	454999.99998430745
1920	509999.9999521826
1921	529999.9999273462
1922	540000.000028827
1923	540000.0000225152
1924	567499.9999453251
1925	684680.0000200606
1926	213000.00006885998
1927	213400.00001568033
1928	229950.00010018484
1929	234998.99998275764
1930	234999.99999370598
1931	235999.9999910784
1932	240000.00008834206
1933	250000.00000588453
1934	250250.00004660295
1935	255000.00002841227
1936	259950.00007501245
1937	264999.9999232964
1938	269999.9999550885
1939	285000.00003681355
1940	288349.9999927825
1941	289999.99996885686
1942	307549.9999981031
1943	315000.00000084017
1944	325000.0000290983
1945	340999.99995050975
1946	345000.00000920193
1947	345000.00000336877
1948	347000.0000083852
1949	352749.9999739954
1950	364899.9999084148
1951	364999.9999986627
1952	367300.0001056583
1953	367999.9999914598
1954	378999.99995734374
1955	385000.00002898584
1956	389999.99997700343
1957	398000.0000130017
1958	400000.0000891275
1959	399999.9999928053
1960	410000.00003112294
1961	410000.00004107965
1962	427999.99996874545
1963	434999.99994649255
1964	439999.999967841
1965	442500.0000479928
1966	450000.0000311733
1967	470999.99991195585
1968	474999.9999519507
1969	480000.0000439544
1970	489000.0000287697
1971	499999.9999805526
1972	501999.9999737496
1973	525000.0000420106
1974	535999.9999652919
1975	539949.9999406998
1976	549999.9999043912
1977	550000.0000220663
1978	551999.9999807619
1979	554000.000004373
1980	558999.9999748816
1981	563499.9999339398
1982	568000.0000030838
1983	578999.9999748473
1984	599949.9999730365
1985	600000.0000545338
1986	605000.0001191625
1987	609899.9998706522
1988	620000.0001139663
1989	625000.0000007997
1990	639999.9999183128
1991	647999.9999498083
1992	649950.0001133694
1993	700000.0000541089
1994	739000.0007346281
1995	743699.9999319508
1996	749999.9999991287
1997	831000.0001260985
1998	852500.0000324197
1999	965000.0000636886
2000	979999.9999397311
