2001	1150000.0000740245
2002	1224999.9999884935
2003	1338999.9997669456
2004	1350000.0000573182
2005	1635000.000061012
2006	1899999.999819064
2007	99999.99996688387
2008	135333.3333229386
2009	149500.00001319472
2010	164999.99996596563
2011	182999.9999502849
2012	199500.00001891277
2013	219899.99995052614
2014	224999.9999774746
2015	250000.000012948
2016	251749.99999042205
2017	252999.99996665624
2018	267999.9999805893
2019	269000.0000075007
2020	278499.9999426546
2021	285000.0000072049
2022	303209.99996779463
2023	306888.0000084544
2024	306999.9999515116
2025	310000.00000833295
2026	310000.00009217364
2027	310000.0000139986
2028	314999.9999543416
2029	314999.99995206564
2030	335000.000047784
2031	345000.00001461693
2032	350000.0001189987
2033	359950.0000393162
2034	359999.99995620473
2035	366000.00004347996
2036	369990.00000786583
2037	374999.99991454
2038	375500.0000225293
2039	379999.99997607584
2040	384999.99999785196
2041	392000.00002518645
2042	400000.00004285714
2043	403000.00004221546
2044	415000.00003832293
2045	417500.00001952914
2046	426089.99992770364
2047	428999.9999839459
2048	429949.9999981937
2049	433000.00004933565
2050	435000.00002434506
2051	440000.00000028394
2052	458663.88883536094
2053	469999.99990993715
2054	479999.9999204414
2055	480000.0000101959
2056	483299.9999980566
2057	489999.999943655
2058	490000.00006936997
2059	515000.00000120094
2060	516200.0000657873
2061	524999.999975206
2062	533112.0001058079
2063	555000.0000364337
2064	558000.0000131637
2065	566000.0000167527
2066	569000.0000219244
2067	571000.0000405833
2068	589900.00006349
2069	608000.0000725202
2070	650000.0000891783
2071	655275.0000176252
2072	658999.9999492003
2073	659500.0000690824
2074	679999.999957021
2075	694999.999938834
2076	694999.9999841274
2077	694999.9999232235
2078	700000.0000726325
2079	699999.9999482979
2080	710000.0000760173
2081	740000.0000733032
2082	744999.9999879051
2083	750000.0000637593
2084	812650.0000213437
2085	870000.00001182
2086	895000.0000092553
2087	899899.9999463849
2088	915000.0000472028
2089	1024999.999957846
2090	1059500.000081698
2091	1069999.9999689604
2092	1180000.0000569716
2093	1229999.9999450324
2094	1794999.9998818533
2095	148000.00001522052
2096	199999.99998347578
2097	214950.00004976717
2098	219999.99998454197
2099	233999.99996793264
2100	240000.00001241322
2101	247999.9999538694
2102	249999.99998479107
2103	262499.9999992064
2104	276899.9999686442
2105	279999.9999492256
2106	285000.0000771062
2107	290000.00005272176
2108	290299.9999840085
2109	292000.00001978
2110	295000.00002958905
2111	308900.0000039752
2112	317000.00001206197
2113	324999.999849035
2114	329950.00000802637
2115	330000.00007004937
2116	333000.00001113804
2117	334999.9999328464
2118	348999.999947416
2119	349999.99996846804
2120	352499.999933472
2121	354000.00000588736
2122	371000.00001548085
2123	371500.0000390251
2124	381000.00001854484
2125	386000.0000130895
2126	405000.0000485093
2127	415000.00005520403
2128	426999.99999921024
2129	434999.9999351933
2130	450000.0000199574
2131	455000.0000098314
2132	459999.99998867203
2133	463999.9999514311
2134	465000.0000744635
2135	464999.99999578483
2136	474999.9999403804
2137	495000.0001496239
2138	513999.9999221485
2139	515000.00005389954
2140	516000.000062423
2141	521999.99995857023
2142	526999.9999845759
2143	530000.0000115162
2144	534999.9998722556
2145	544999.999977035
2146	547499.9999589286
2147	560200.0000050996
2148	570999.9999726692
2149	580379.0000864428
2150	587999.9999177782
2151	619400.0000290474
2152	657499.9999629672
2153	664999.9998269627
2154	700000.0000360113
2155	734999.999932696
2156	739999.9999914693
2157	742000.0000486118
2158	762399.9999583467
2159	785000.0000394705
2160	798999.9999577848
2161	799999.9998968497
2162	809949.9999102954
2163	812999.9998767568
2164	850830.0000452874
2165	852600.0001452633
2166	874999.9999646627
2167	880999.9999131854
2168	1010000.0001231246
2169	1365000.0000204218
2170	2888000.000083536
2171	172999.99999296345
2172	209999.99999341567
2173	209999.99999803165
2174	223000.0000239541
2175	229629.49997857248
2176	235000.0000128368
2177	247999.9999381982
2178	258999.9999973177
2179	294000.0000276185
2180	299994.99995150656
2181	300000.000056489
2182	306000.0000410122
2183	309999.9999766322
2184	312500.0000054808
2185	314999.99998021935
2186	315000.0000067492
2187	333000.0000175378
2188	336749.99996724585
2189	342499.99994489935
2190	349950.0000476004
2191	349999.99994620617
2192	363000.0000568198
2193	370000.0000841486
2194	381000.0000133817
2195	387884.61543249764
2196	397990.0000023398
2197	404999.9999653579
2198	429999.99999167887
2199	435499.9999833218
2200	437499.999987082
2201	440000.0000384457
2202	440000.00006029
2203	444999.99997714855
2204	447999.9999978158
2205	465249.9999493626
2206	480000.0000638681
2207	485000.0000814117
2208	489949.99985451525
2209	494999.9999990501
2210	494999.99993932596
2211	498500.0000768203
2212	500999.9999080285
2213	509999.9999192984
2214	530999.9999647911
2215	544999.9999936699
2216	560000.0000313874
2217	561000.0000772619
2218	574999.999956281
2219	578000.0000228406
2220	579999.9999452558
2221	584999.9999829892
2222	593999.9999627939
2223	598999.9998604885
2224	610749.999941049
2225	620000.0000727078
2226	641633.3332437781
2227	656499.9999639529
2228	659999.9999648182
2229	670000.0000457474
2230	678499.9999738062
2231	680000.0000837328
2232	681965.7811104001
2233	699000.0000545519
2234	706000.0000093929
2235	742999.9999320777
2236	784000.0005544231
2237	789500.0000855979
2238	789999.9999406127
2239	795000.0000162113
2240	835000.0001621884
2241	860000.0001534142
2242	900000.0001081238
2243	1034499.9999617224
2244	1069999.9998372244
2245	1095000.0000765661
2246	1183999.9998992851
2247	1228000.0000569017
2248	1240000.000067715
2249	1484999.9998544457
2250	152999.99996141982
2251	204999.99999057155
2252	206135.00000351208
2253	209999.99999764242
2254	214999.99999031294
2255	230000.00003325142
2256	235000.00002115537
2257	249999.99999683566
2258	250600.00004263484
2259	264999.9999518899
2260	285000.00001461885
2261	299000.0000335816
2262	300000.0000058502
2263	299999.99999055616
2264	304000.0000027789
2265	305000.0000599565
2266	324899.9999908215
2267	324999.9999715238
2268	330000.0000043773
2269	344999.99997166154
2270	349999.99993859825
2271	369500.0000062658
2272	370000.0000539692
2273	379500.0000130825
2274	379999.9999775122
2275	385000.0000101113
2276	384999.99996110663
2277	415499.9999200735
2278	418999.99992304447
2279	429999.9999638321
2280	434999.99991368025
2281	440000.00000399374
2282	454000.00014535314
2283	459949.999937064
2284	474999.9999584154
2285	484999.9999622292
2286	497333.33333395165
2287	499950.0000148141
2288	512999.99998154625
2289	530099.9999392701
2290	540000.0000483071
2291	556000.0000153646
2292	575000.0000382477
2293	579999.9999820497
2294	584999.9999130839
2295	588999.9999032301
2296	588999.999986441
2297	590000.0000254915
2298	614999.9999001329
2299	622499.9999784667
2300	665000.0000769056
2301	696999.9999738502
2302	718500.0000907461
2303	724999.9998817715
2304	738190.8571743964
2305	760000.000020819
2306	775000.0000803398
2307	795000.0000281178
2308	798999.999886504
2309	810000.0000311583
2310	822499.9999776918
2311	862999.9999461184
2312	883000.0001775299
2313	890000.0002018254
2314	909999.9999305537
2315	949999.9998126541
2316	974999.9999574906
2317	1029999.9999906045
2318	1119999.9999665483
2319	1335000.0000375658
2320	1734999.9998235563
2321	330000.0000577283
2322	397499.9999591016
2323	496751.9999304635
2324	524999.9999978034
2325	529999.9999925984
2326	734999.999985007
2327	850000.0000942398
2328	883000.0000377529
2329	269949.9999686401
2330	416000.000020693
2331	505999.9999506209
2332	520500.00000323215
2333	650000.0000290184
2334	652500.0000487613
2335	149999.99999243757
2336	163785.7143163545
2337	175000.0000090099
2338	182999.99998735532
2339	220000.0000050088
2340	219999.99997135837
2341	229999.99997982988
2342	235000.0000311962
2343	245000.00003453955
2344	264999.9999788584
2345	276999.99999135407
2346	284000.00008155144
2347	285499.99994599086
2348	295000.0000004828
2349	299999.9999887062
2350	304000.0000394171
2351	309212.0000373715
2352	319999.9999719289
2353	331999.99999243143
2354	334999.9999166576
2355	339999.9999955932
2356	351249.9999592731
2357	353500.0000487525
2358	357185.99993880093
2359	371024.9999023558
2360	373000.0000092263
2361	374999.9999994133
2362	375000.00002443057
2363	377999.99994406506
2364	384999.9999578909
2365	385000.00001623057
2366	384999.9999440704
2367	384999.9999626079
2368	410000.0000053214
2369	414999.9999251555
2370	418000.0000009125
2371	418000.0000158563
2372	429000.00006472337
2373	435000.0000720347
2374	435000.00002191874
2375	444999.99984219106
2376	449999.9999259051
2377	455000.00003777485
2378	459999.99996948184
2379	465000.00008744356
2380	468500.0000362364
2381	470000.0000487947
2382	470000.0000888904
2383	492499.99992986873
2384	498999.99991873646
2385	499999.99995379493
2386	500000.0000064791
2387	518000.0000730712
2388	523949.99999524676
2389	529999.999984175
2390	534500.0000150364
2391	542525.0000748142
2392	545000.0000342267
2393	566000.00007603
2394	574999.9999558183
2395	575999.9999965655
2396	632500.0000120243
2397	637999.999979716
2398	650000.0000632643
2399	660000.0000743706
2400	666999.9999333747
2401	680000.000049406
2402	685000.0000094657
2403	689999.9999046813
2404	699850.0000662674
2405	749995.0000743836
2406	759950.0000202155
2407	763101.0000143383
2408	798800.0000269859
2409	825000.0000642674
2410	824999.9999636881
2411	849999.9999051598
2412	852879.9999793814
2413	861999.9999394675
2414	899949.999928014
2415	901999.9999590536
2416	920999.9999097607
2417	963000.0001131495
2418	998999.9999117916
2419	1094999.9998633163
2420	169999.99996652224
2421	171224.80004719945
2422	187499.99998558752
2423	197999.9999492293
2424	204949.99998889
2425	206000.00001404813
2426	210000.00001285868
2427	225279.42860352516
2428	229950.00002972354
2429	233166.66670200572
2430	234999.99995978823
2431	242000.0000362601
2432	247199.9999443564
2433	249999.99994683548
2434	250000.00004950073
2435	249999.999990536
2436	252999.9999892548
2437	255000.0000466138
2438	258999.99995153866
2439	260000.00002121078
2440	260000.00002705955
2441	269499.99997842585
2442	271999.9999883329
2443	280000.0000298783
2444	286799.99999718706
2445	294998.99995123176
2446	309999.9999825123
2447	319999.9999631317
2448	324999.9999520833
2449	329333.3333188446
2450	330000.00005393504
2451	331366.6667523586
2452	331999.99997468246
2453	342000.0000035449
2454	344999.9999088764
2455	344999.9999673436
2456	349999.99996368133
2457	349999.99999140704
2458	379900.00000770355
2459	379999.99986866827
2460	382500.0000083323
2461	386000.00002827414
2462	399999.99997471226
2463	401999.99996164057
2464	405000.00000379997
2465	415000.0000503799
2466	420999.999891078
2467	429999.9999837447
2468	435000.0000044747
2469	434999.99997391406
2470	440000.00003948377
2471	449949.99995783437
2472	450999.9999682888
2473	458000.00002445176
2474	460886.9230370153
2475	464999.99996068893
2476	465000.0000061255
2477	465950.000068544
2478	471999.99997213745
2479	475000.0000557735
2480	479499.9999259522
2481	493000.000051055
2482	499500.0000313532
2483	506000.000015002
2484	534999.9999540314
2485	536000.0000175913
2486	540000.0001260787
2487	545000.0000618462
2488	546999.9999919875
2489	548999.9999595064
2490	549999.9997788907
2491	559999.9999759559
2492	560000.0000322603
2493	580000.0000107696
2494	604999.9999521542
2495	605499.9999746575
2496	615999.9999449449
2497	645325.0000986967
2498	667499.9999531755
2499	668999.9997577459
2500	675000.0000244079
2501	719999.9998837275
2502	725000.0000590688
2503	738499.9999646486
2504	752000.0000095061
2505	809000.0000645088
2506	823999.9998758502
2507	837699.999902233
2508	839999.9999724912
2509	853999.9997493746
2510	866058.9999693418
2511	869999.9999751482
2512	936000.0000396593
2513	1007999.9999256964
2514	1200000.0001391687
2515	1325000.0000084112
2516	1554999.9998736717
2517	174999.99996002758
2518	174999.99999123017
2519	190000.00001750793
2520	192499.99998567344
2521	205999.99995558662
2522	229999.9999701223
2523	239949.99999059053
2524	240000.00001239937
2525	241999.99999106562
2526	243069.23071099276
2527	250274.99999420645
2528	253778.99997116477
2529	263999.99997445056
2530	264949.99999154446
2531	265000.0000240682
2532	267000.00003132044
2533	274500.0000112396
2534	279950.00007771706
2535	284949.9999833755
2536	287500.00005453534
2537	294999.9999978843
2538	299000.00004869583
2539	300000.0000271933
2540	299999.9999871153
2541	309000.0000121968
2542	309999.9999781724
2543	314999.9999732495
2544	322500.0000467448
2545	325000.00004368514
2546	329999.9998883985
2547	337945.7500231303
2548	343565.9999585514
2549	365000.0000401438
2550	374999.9999601602
2551	384399.99996268307
2552	400000.00000342564
2553	403500.00000772096
2554	409999.9999024318
2555	414999.99992419017
2556	415000.0000182187
2557	423999.999943393
2558	439999.9999994224
2559	450000.00002479175
2560	455000.00004314387
2561	461000.00005008606
2562	465000.00003827456
2563	469000.00000233436
2564	474999.99997345207
2565	482000.0000223495
2566	485000.0000084503
2567	507000.00003712374
2568	506999.99997382675
2569	514999.9999703039
2570	515499.99990214023
2571	534999.9998957766
2572	535000.0000534909
2573	536750.9999991031
2574	540000.0000333713
2575	540000.0000076962
2576	545499.9999970294
2577	553999.9999765604
2578	554999.9999395232
2579	562000.0001159225
2580	563999.9999600723
2581	568450.000188212
2582	570000.0000526804
2583	574950.0000628586
2584	579999.9999048454
2585	615000.0000732857
2586	619999.9999598264
2587	630000.0000060848
2588	646000.0000434995
2589	650000.0000460162
2590	687999.9999687534
2591	690408.6208647317
2592	711000.0000384877
2593	739887.9999908039
2594	763999.9999698749
2595	770000.00008084
2596	819999.9998516189
2597	825000.000002877
2598	850000.0000101727
2599	855000.0000102527
2600	913000.0000154916
2601	975000.0001062814
2602	1160000.0001712318
2603	1383999.9999277925
2604	1399950.0000407926
2605	1599999.9999990594
2606	186000.00000662467
2607	197499.9999671895
2608	199999.99994999755
2609	209999.99998290374
2610	220083.33328221863
2611	220999.9999854594
2612	232499.99995800655
2613	232602.9999717538
2614	239999.9999973145
2615	247999.9999443759
2616	249000.0000054513
2617	265000.0000465195
2618	269899.999988347
2619	275000.0000227006
2620	285000.0000332704
2621	287000.0000364428
2622	297857.1428935204
2623	309000.0000208964
2624	309999.9999456073
2625	311000.00002968323
2626	319950.00003353885
2627	323833.3333135646
2628	329999.9999698934
2629	340000.0000291417
2630	346150.00006059144
2631	349999.9999780852
2632	352450.00002907234
2633	360000.0000872164
2634	378749.9999287942
2635	380000.0000196707
2636	385000.0000259535
2637	389999.99999080936
2638	395000.00004760735
2639	399888.0000604764
2640	405000.000065656
2641	410000.0000617845
2642	429900.00010048004
2643	435000.00006450486
2644	436999.99997716636
2645	440000.00003296573
2646	449999.99994777184
2647	449999.99998263636
2648	463999.9999650149
2649	469999.99996435415
2650	489949.9999665181
2651	498999.99995138135
2652	500000.00000151386
2653	505000.00000006665
2654	506000.0000464406
2655	506999.99996545404
2656	510000.00003919634
2657	518999.9999229909
2658	540499.9999487314
2659	542999.9999743057
2660	558000.0000066081
2661	575999.9999204816
2662	579999.9999326939
2663	584999.9999420465
2664	590299.9999486051
2665	592105.7142799669
2666	599999.9998343001
2667	599999.9999375384
2668	607499.9999766307
2669	618249.9999418311
2670	619849.9999347525
2671	645999.9999558174
2672	659500.000036975
2673	661000.0001210272
2674	680000.000095974
2675	711999.9998905314
2676	719999.9999281844
2677	728049.9999996433
2678	734989.9998762191
2679	750000.0000834471
2680	755999.999968147
2681	775000.0001010663
2682	799000.0001190326
2683	898999.9999742772
2684	929999.9999456739
2685	945000.0000522729
2686	950833.3333910137
2687	1026999.9999483752
2688	1067999.99991661
2689	1239999.9999828907
2690	1309499.999869542
2691	1439999.999976071
2692	2200000.0000508386
2693	174999.99999615783
2694	200000.0000494293
2695	199999.99995780137
2696	203000.00001013422
2697	204999.99995053216
2698	210000.00000188517
2699	218000.00000470603
2700	236999.99995097987
2701	248400.0000190253
2702	250000.00007028284
2703	278999.99999922555
2704	279999.9999798855
2705	281999.9999475653
2706	325000.00002352975
2707	329950.0000073661
2708	330000.00001734716
2709	331999.9999455376
2710	337000.0000512032
2711	339989.99996478803
2712	355000.000011684
2713	355000.0000211083
2714	359899.9999060415
2715	359949.99992300634
2716	371000.00002801314
2717	378000.0001203957
2718	380000.00000456057
2719	390000.0000132033
2720	394999.9999887585
2721	396999.9999925188
2722	400000.0000747852
2723	400000.0000022836
2724	405000.000021496
2725	412000.000027428
2726	420000.00002417807
2727	419999.9999382558
2728	425000.00004587
2729	424999.9999298732
2730	436499.9999262358
2731	441000.000027153
2732	443499.99998575734
2733	447999.9999521424
2734	450000.00000560225
2735	455000.000074712
2736	454999.999939841
2737	455999.9999895954
2738	458000.00006866915
2739	477000.00001952914
2740	480000.00000913173
2741	482499.9999915877
2742	488800.000025521
2743	489000.0000510176
2744	511499.99995614623
2745	524999.999947739
2746	547000.0000495402
2747	565000.0000218209
2748	587205.9999904345
2749	595000.0001553247
2750	605000.0000274605
2751	623000.0000942938
2752	624999.9999497677
2753	632499.9999466772
2754	639999.9999739815
2755	649999.9998919456
2756	660000.0000735243
2757	665899.9999284896
2758	681500.0000103703
2759	714999.9999525899
2760	724999.9999117544
2761	724999.9999296885
2762	725000.0000532962
2763	754800.0000055695
2764	775949.9998556129
2765	779999.9999538029
2766	790000.0000934087
2767	800000.0000274781
2768	812000.000093631
2769	830000.0001374559
2770	849999.9998540316
2771	869000.0000422958
2772	885000.0000007813
2773	905000.0000793354
2774	915000.0000502047
2775	925000.0001160761
2776	924999.999912245
2777	950000.0000888868
2778	949999.9999415854
2779	970500.0000039801
2780	994500.0000674467
2781	994999.9999374128
2782	1080000.0000661018
2783	1135000.0010062994
2784	1234582.0000432716
2785	1240000.000149938
2786	1300000.0000838125
2787	1319999.9998484831
2788	1462497.000005413
2789	1950000.0000141086
2790	375000.0000371927
2791	417999.99999966385
2792	442900.00007166207
2793	639500.0000907109
2794	750000.0000876802
2795	849000.0000059304
2796	930000.0001172443
2797	330000.00007172703
2798	373999.99991614715
2799	499999.99999956193
2800	544999.9999878587
2801	687000.0000906541
2802	732600.000009788
2803	801999.999938587
2804	809999.9999779686
2805	874150.000134478
2806	160797.00005028365
2807	165000.0000439818
2808	199949.99995218532
2809	200000.00003938013
2810	205425.00001352534
2811	214999.99991717545
2812	224999.99999037466
2813	233500.0000171351
2814	234000.0000222422
2815	234999.99999796844
2816	234999.99995556014
2817	235000.00003724106
2818	239950.00000045172
2819	249000.00002592214
2820	249500.00003035166
2821	249900.00001183728
2822	260000.0001548296
2823	261350.00004857455
2824	264000.000006517
2825	264999.99996153754
2826	269500.0000227235
2827	269950.00012262055
2828	275000.0000096281
2829	274999.9999942311
2830	280000.000004357
2831	285000.0000115314
2832	285999.9999687173
2833	290000.0000445764
2834	290899.9999578524
2835	291499.99999632814
2836	299994.9999975918
2837	299999.99999023153
2838	300000.00006497616
2839	309999.9999815205
2840	312891.0000022758
2841	319999.9999684445
2842	322199.99988922814
2843	323999.99999700225
2844	326000.0000283969
2845	329899.99996231264
2846	334000.000006456
2847	336999.9999923165
2848	344999.99999673857
2849	345000.0000339605
2850	345100.00005661865
2851	345949.9999763036
2852	346000.000015295
2853	346999.999999162
2854	349900.0000265833
2855	349999.99998658616
2856	350000.0000028338
2857	359999.99998183985
2858	362300.0000344835
2859	362499.9999919122
2860	365000.0000186058
2861	374999.99994185165
2862	379509.16672008554
2863	385000.00011759327
2864	385000.00002756965
2865	389800.000062147
2866	396500.0000390406
2867	399950.000011809
2868	399999.9999445543
2869	402101.0000420655
2870	403499.99993266136
2871	405000.00001231395
2872	415000.0000198909
2873	419999.99998727406
2874	424999.9999377997
2875	429999.99993200996
2876	440000.0000011124
2877	442000.00005826127
2878	442500.00000115763
2879	449000.0000496974
2880	449500.0000888557
2881	449999.99996700895
2882	453000.0000208847
2883	458500.00004118314
2884	459950.00002961047
2885	469999.99992301717
2886	471000.99997174134
2887	479000.0000011653
2888	490000.0000330993
2889	491233.99995161855
2890	493999.99993866583
2891	494999.9999885785
2892	497000.0000473255
2893	501999.9999818282
2894	514999.9999576211
2895	549999.9999976631
2896	550000.0000278241
2897	559999.9999168497
2898	559999.9999271258
2899	562499.9999457103
2900	569000.0000214045
2901	577000.0000200933
2902	579000.000025123
2903	589999.9999011157
2904	599999.9999131087
2905	603499.9999225064
2906	614999.9998927932
2907	633634.0000176425
2908	649949.9999955415
2909	650000.0000232231
2910	659999.9999585183
2911	664949.9999586762
2912	669999.9999871745
2913	674999.9999088264
2914	715000.000020782
2915	725000.0000495164
2916	735000.0000516394
2917	774999.9999251724
2918	779999.9999584134
2919	800000.0000463052
2920	800000.000100655
2921	831500.0000934388
2922	834999.9998822666
2923	905000.0000444966
2924	904999.9999810026
2925	950100.0000257143
2926	1219999.9999948256
2927	1579999.999831763
2928	139000.00000461118
2929	159999.9999921846
2930	171758.33326539834
2931	194000.00000227435
2932	198994.99995883528
2933	210000.00002086852
2934	217999.99996788986
2935	218000.00003044878
2936	224999.99999190334
2937	230000.00000950022
2938	236000.0000400444
2939	252000.00002160246
2940	257499.9999442052
2941	258000.00005780082
2942	278900.0000230805
2943	288999.999989914
2944	295000.0000195854
2945	300000.00001092453
2946	300000.0000181765
2947	303999.99995364563
2948	304999.9999125576
2949	314900.00007017184
2950	316999.99993789394
2951	319000.00000683346
2952	324949.99998655915
2953	325000.0000156921
2954	325187.49999545375
2955	329950.0000013286
2956	336500.00004176365
2957	339000.0000426356
2958	339000.00001568435
2959	342499.999977058
2960	343500.00000565324
2961	348499.99995595944
2962	349949.9999722901
2963	349999.999962614
2964	349999.9999559225
2965	355000.00000009435
2966	360000.00002460147
2967	362500.0000093229
2968	362749.99997218203
2969	366000.00002868293
2970	367500.0000308277
2971	379000.0000717721
2972	379999.99993151694
2973	391400.00003176316
2974	394999.99997082184
2975	394999.9999721299
2976	396499.9999518016
2977	400000.00009958586
2978	399999.99992901576
2979	405000.000073232
2980	415000.00004879915
2981	415000.00005619746
2982	419999.9999776102
2983	424999.9999364857
2984	425000.0000698502
2985	437000.0000484088
2986	437999.99995715363
2987	439999.9999482544
2988	454999.9999454281
2989	457500.00006285403
2990	464499.9999605154
2991	484999.999963281
2992	502000.00004868716
2993	509999.9999976798
2994	519999.99998081266
2995	530000.0000426559
2996	535000.0000280956
2997	542499.999989183
2998	548999.9999782697
2999	574999.9999875647
3000	574999.9999509569
3001	585000.0000400965
3002	589950.0000963045
3003	599000.0000880499
3004	600000.0001217918
3005	599999.9999476676
3006	614999.9999724565
3007	620000.0001120707
3008	624999.9997965192
3009	639887.999911134
3010	639999.9999880187
3011	659999.9999805342
3012	664999.9999253361
3013	672500.0000772815
3014	675000.0000383239
3015	683500.000061289
3016	687499.999978492
3017	689000.0001102168
3018	725000.0000154371
3019	745640.9999759627
3020	751000.0000079676
3021	762499.999894526
3022	790000.0001153746
3023	819000.000015747
3024	839000.0002227545
3025	844999.9999758204
3026	849999.9999969945
3027	849999.9999076893
3028	858999.9999006429
3029	875000.0000770278
3030	880000.0000903992
3031	925000.0000134646
3032	970000.0000596286
3033	1215000.000024117
3034	1250000.000036456
3035	1295647.999868533
3036	2466350.000000008
3037	150000.0000507283
3038	152000.00001120922
3039	189999.99999743528
3040	190368.7499959298
3041	196499.99998218444
3042	200000.00000430294
3043	199999.99996074563
3044	205000.00004815697
3045	205000.00006024327
3046	215999.9999244443
3047	233000.0000348528
3048	235000.00003594562
3049	240000.0000137642
3050	244999.99999843372
3051	245700.000061187
3052	246500.00000228235
3053	248999.9999230665
3054	255949.99995661556
3055	259999.99997857722
3056	260000.00001891935
3057	265950.0000046354
3058	269999.99999035336
3059	270000.000003969
3060	275000.00000530464
3061	276000.0000409571
3062	276900.0000383541
3063	279999.99999104836
3064	280000.0000061869
3065	283000.00002119463
3066	284999.9999552335
3067	286000.0000329152
3068	299899.99997938995
3069	299950.0000901231
3070	299950.00006951863
3071	304999.9999728903
3072	307999.99991687824
3073	309619.999968565
3074	309999.9999743319
3075	314999.9999420942
3076	319999.9999061098
3077	328422.9999787003
3078	346500.00004389626
3079	346499.9999934018
3080	348999.9999931138
3081	351999.9999589131
3082	356000.000012242
3083	360499.9999567468
3084	364000.0000204256
3085	365500.0000408078
3086	374499.9999254422
3087	374999.99992637633
3088	382999.9999516424
3089	385999.99991137686
3090	389999.99999651295
3091	395000.0000113692
3092	400000.0000384718
3093	401999.99998410715
3094	409900.00001076
3095	410000.0000220693
3096	418799.99992741644
3097	424999.99997221964
3098	435000.000024693
3099	439999.99993361626
3100	449999.9999460681
3101	449999.99990631413
3102	450000.00003365875
3103	453999.99999161926
3104	481999.9999295942
3105	504999.9999657767
3106	504999.99997199123
3107	518999.9999326763
3108	530000.0000233015
3109	531500.0000461295
3110	544000.0000071488
3111	557500.000030442
3112	562100.0000061954
3113	563499.9999408239
3114	565000.0000358697
3115	573999.9999271107
3116	575000.0000013302
3117	577999.9999864
3118	582999.9999680044
3119	585000.0000446838
3120	589949.9999795449
3121	593999.9999636053
3122	595887.9999953847
3123	597326.0000723643
3124	599990.0000418483
3125	607999.9998832047
3126	624999.999982647
3127	639999.9999767765
3128	644999.9999279381
3129	650000.0000509043
3130	657000.0000728259
3131	680000.0000614851
3132	690500.0000011538
3133	699999.9998836304
3134	724999.999895525
3135	725000.0000580418
3136	739900.0000405768
3137	739999.9999479828
3138	744499.9999438472
3139	759999.9999147526
3140	761999.9999698258
3141	770000.000066981
3142	804099.9998226856
3143	859999.9999798705
3144	869999.999933518
3145	889999.9999823066
3146	904999.9998319338
3147	913887.9999651442
3148	957000.0000486207
3149	975000.0000134382
3150	994999.9998591106
3151	1140000.0000226418
3152	1200000.0001627032
3153	1228999.9997737282
3154	1279999.9999381262
3155	1699999.9998751618
3156	150000.0000128781
3157	177499.99996754617
3158	200500.0000248551
3159	202000.00004735464
3160	210000.00002123564
3161	214750.0000573978
3162	216500.00002692823
3163	219499.99999230937
3164	220000.0000548119
3165	224000.00001522966
3166	223999.99998920376
3167	225000.00007024853
3168	225499.9999774171
3169	229999.99995703393
3170	235866.99998205967
3171	239999.99998211933
3172	243800.00003945688
3173	251555.55559186515
3174	252499.99996768587
3175	252750.0000286172
3176	253500.00003077064
3177	254000.0000631019
3178	254599.9999058236
3179	258125.0000117079
3180	264269.9999201299
3181	267999.9999914671
3182	269999.9999661702
3183	279899.99993780674
3184	280926.9999766874
3185	284999.999949642
3186	289659.0000363793
3187	289987.500016126
3188	300000.00005748455
3189	301999.99998322275
3190	309999.999994755
3191	315000.0000318507
3192	319999.9999956972
3193	320000.00003122137
3194	330675.00007427786
3195	334887.9999099339
3196	338999.9999556094
3197	349999.99997695285
3198	354000.0000101939
3199	354949.9999825186
3200	357249.99997687474
3201	357999.99995289795
3202	359000.00007023994
3203	365000.00002557546
3204	370000.00009738695
3205	385000.0000659703
3206	390000.0000355488
3207	398999.9999113951
3208	405000.0000407193
3209	405124.9999073961
3210	413999.99996250664
3211	414999.9999901877
3212	429899.9999746678
3213	435000.0000088709
3214	439999.9999606598
3215	440000.0000286817
3216	440000.00003568287
3217	439999.9999839474
3218	445999.999981655
3219	450000.0000474035
3220	450999.99999277934
3221	460000.0000479192
3222	459999.99998451694
3223	470999.99998616957
3224	475579.9999761938
3225	495000.0000257968
3226	518499.9999740675
3227	524999.9999766202
3228	529999.9999307004
3229	536999.9999831626
3230	555000.0000947798
3231	560000.0000807277
3232	574999.9999710219
3233	579999.9999805515
3234	599999.9999544203
3235	602760.9999914244
3236	620000.0001408876
3237	619999.999945739
3238	625999.9999695555
3239	637999.9999870735
3240	662999.9998448614
3241	668999.9999624342
3242	669949.9999710643
3243	677099.5650769604
3244	690000.0000513663
3245	695000.0000618802
3246	710000.0002216053
3247	724999.9999337485
3248	755000.0000818282
3249	760000.0000443413
3250	772650.0000814672
3251	775000.000040804
3252	782900.0000450059
3253	800000.0002824493
3254	799999.9999764782
3255	804999.9999179682
3256	815000.0000779326
3257	814999.99988227
3258	825999.9999918024
3259	827000.0000251316
3260	899999.9998377108
3261	910000.0002669716
3262	971971.0000889688
3263	1025000.0000335842
3264	1049999.9999752347
3265	1080000.0001057046
3266	1249999.99982301
3267	1388000.0000930773
3268	1409999.9999123442
3269	140000.00002401933
3270	167500.0000200579
3271	191000.00003193849
3272	195000.00000838767
3273	209950.00000687002
3274	212699.9999776432
3275	215499.99997738402
3276	221000.00001465777
3277	229799.99999790775
3278	230000.00003525498
3279	233999.99994833034
3280	234999.99992710736
3281	235000.00001677184
3282	234999.99999712472
3283	246949.99997011432
3284	255000.00005105915
3285	257500.00005034773
3286	259500.00002071078
3287	259999.9999923106
3288	275500.0000343584
3289	278999.99996037176
3290	284999.99997756607
3291	288789.9999860014
3292	300000.0000400967
3293	315000.0000502137
3294	320000.00002286304
3295	327000.00000840303
3296	329999.99995078525
3297	342000.0000318474
3298	350000.0000001271
3299	355000.0000752598
3300	354999.9999759185
3301	354999.9999675253
3302	393999.99997053586
3303	397000.000044393
3304	399950.00009444007
3305	410000.0001394961
3306	409999.9999349212
3307	415000.00002727617
3308	416999.9999301193
3309	426999.99994363275
3310	430000.00000323314
3311	447000.00000734447
3312	452999.9999494738
3313	458999.99995107856
3314	460000.00005013746
3315	464899.9999965517
3316	464999.9999683958
3317	469899.99993395695
3318	471499.999978845
3319	479999.9999491588
3320	483452.9999831689
3321	490000.00001021463
3322	499999.99998715374
3323	504199.9999491491
3324	523460.00000930805
3325	530000.0000767731
3326	549999.999946541
3327	560000.0000432838
3328	561499.9999369528
3329	589500.0000130761
3330	601999.9998853354
3331	641000.0001420266
3332	661499.9998624431
3333	664999.9999134536
3334	672500.0000849455
3335	677099.5651897194
3336	687500.000083947
3337	699999.999974765
3338	710000.0000307154
3339	725000.000161445
3340	738000.0000666039
3341	750000.0001139074
3342	755000.0001683686
3343	981999.9998441612
3344	1050000.0000443214
3345	1194999.999953062
3346	1619999.0000529967
3347	1819999.999845602
3348	230000.00002500287
3349	233999.99995594125
3350	299999.9999628496
3351	314500.0000387462
3352	339899.9999717916
3353	470000.00005559134
3354	474999.99994788185
3355	585000.000049828
3356	597999.9999091738
3357	699900.000120343
3358	265000.00005504495
3359	325000.0000399492
3360	345000.0000069144
3361	396999.999995154
3362	401999.9999130579
3363	834999.9997930429
3364	100000.00004700801
3365	169999.9999632302
3366	235000.0000414649
3367	242999.9999907206
3368	244999.99996106068
3369	250000.00001008756
3370	255000.00004028625
3371	262999.9999684348
3372	264999.9999870538
3373	289949.99996526534
3374	299999.99996162165
3375	308000.00004163093
3376	327499.99990972807
3377	330000.0000171911
3378	336999.999953716
3379	344999.99997430394
3380	344999.9999881109
3381	349810.00001874106
3382	359500.00004653685
3383	369999.9999729425
3384	383961.99997451325
3385	385000.0000220928
3386	397500.0000382988
3387	406499.99997967033
3388	407999.99998546956
3389	419000.0000140825
3390	427500.0000132631
3391	433111.11114270997
3392	434999.9999841995
3393	436500.0000293401
3394	438999.99988834065
3395	445800.00004659075
3396	448999.9999898203
3397	456999.99998632306
3398	461000.0000695515
3399	479999.99997053685
3400	490000.00003524957
3401	491500.0000334531
3402	491950.0000188869
3403	492650.0000615111
3404	499999.99999477615
3405	514999.9999850913
3406	529999.9999719195
3407	534999.9999783768
3408	542499.9999736428
3409	543999.9999662689
3410	550000.000346222
3411	550000.0000631916
3412	560000.0000570188
3413	570000.0000478461
3414	634999.9999201766
3415	669499.9999885556
3416	764999.999887446
3417	779999.9999673557
3418	849999.9999113096
3419	880000.0001121587
3420	882566.0001227984
3421	950000.0000035499
3422	962999.9998447276
3423	1095000.0000761682
3424	1164999.9998808966
3425	1510000.0000184167
3426	1730000.000095185
3427	1925000.0001952723
3428	102499.99997972592
3429	165049.99996887648
3430	173999.9999601126
3431	201999.99998476866
3432	205000.00002512772
3433	217500.0000326279
3434	219950.0000288763
3435	240999.9999415729
3436	245000.00000054913
3437	248000.00001253161
3438	260000.0000469562
3439	260000.00005341516
3440	274899.9999942527
3441	280000.0000314796
3442	300000.00000690395
3443	299999.99997455307
3444	299999.99995995883
3445	307000.0000028916
3446	314500.0000080999
3447	321000.00000671926
3448	328950.0000126694
3449	330000.00009925535
3450	332888.00003498624
3451	336999.9999820441
3452	345000.0000124446
3453	349499.99998399627
3454	357499.99999870115
3455	368112.50003971375
3456	370000.0000155253
3457	375000.000011161
3458	382499.9999879761
3459	391999.9998550969
3460	399895.0000093767
3461	400999.9999593831
3462	405999.99999407865
3463	417837.9999877235
3464	425000.0001225144
3465	425000.000072579
3466	431000.00010742375
3467	433000.0000309308
3468	435000.0000348592
3469	444999.9999804562
3470	449999.99993469776
3471	459500.0000116069
3472	460000.00002819934
3473	476000.00007640827
3474	477999.9999980776
3475	481999.99992822297
3476	485000.000151523
3477	485000.0000050733
3478	499990.00001712824
3479	500000.0000379404
3480	502000.0000399945
3481	504999.9999736806
3482	507499.9999854898
3483	509999.9999992854
3484	515000.0000648871
3485	530000.0000974914
3486	534999.9999406346
3487	540000.0000216693
3488	540000.0000513555
3489	547999.9999543346
3490	558653.8462446197
3491	562999.9999527262
3492	580000.0000512929
3493	580999.9999906258
3494	589999.999952723
3495	600000.0000251611
3496	600000.0000273966
3497	615999.9999401851
3498	620000.0000309574
3499	629799.9999477459
3500	650000.000106576
3501	660000.0000189315
3502	673476.8181967466
3503	691499.9998705587
3504	695000.00003341
3505	695000.000062153
3506	712000.00004704
3507	725000.0001004542
3508	729032.0000519265
3509	739900.0000623894
3510	808000.0000745499
3511	819999.9999056091
3512	824999.9999472862
3513	849999.9999897627
3514	874999.9999298789
3515	920000.0000634578
3516	925000.0000915073
3517	952499.9998713506
3518	1020000.0000457976
3519	1060000.000069707
3520	1080000.0001525488
3521	1110000.0000767962
3522	1149999.9999811647
3523	1198000.0000360138
3524	1356924.9997920145
3525	168333.33330084142
3526	175000.0000192737
3527	185000.00006674055
3528	223000.0000275144
3529	244999.99994686525
3530	249999.99996346055
3531	249999.9999949007
3532	252999.99999959784
3533	254999.99993228706
3534	255000.00005003953
3535	256000.0000460048
3536	260000.00003142565
3537	262000.0000127516
3538	265000.0000230951
3539	265050.00000506215
3540	268971.875007886
3541	274500.0000017066
3542	275249.999974823
3543	300000.0000366338
3544	305000.0000544843
3545	304999.99997655087
3546	309779.9999696297
3547	310000.00002423296
3548	318000.00000318594
3549	329949.9999817271
3550	329999.9999679808
3551	339949.9999593514
3552	345000.00008963776
3553	354999.99993217195
3554	389000.000054604
3555	394499.9999710035
3556	435000.0000490847
3557	452999.9999163446
3558	475000.0000914856
3559	474999.99999566557
3560	475000.0000219637
3561	474999.9999688759
3562	479999.99994169024
3563	480000.0000248648
3564	481015.0000177741
3565	484998.00006878265
3566	488999.99985471735
3567	512030.99995627464
3568	519000.00002154504
3569	535000.000032278
3570	549999.9999721547
3571	550607.1428810705
3572	551999.9998946575
3573	567500.0000732273
3574	575000.0000241185
3575	579999.9999529094
3576	583999.9999272631
3577	599950.0000475127
3578	600000.0000355877
3579	605000.0000612392
3580	604999.9999093639
3581	625000.0000564472
3582	630000.000009315
3583	645000.000004308
3584	659000.0000007389
3585	660499.9999714902
3586	675000.0000650283
3587	689999.9999659531
3588	699999.9999231362
3589	719999.9998247338
3590	723000.0000473608
3591	732000.0000867142
3592	795000.0000203286
3593	851000.0000866797
3594	859999.9998780651
3595	914999.9998391906
3596	1054690.0000497557
3597	1074999.9999512734
3598	1288333.3328635246
3599	2147499.9997406197
3600	100000.00001266903
3601	197999.99999593187
3602	220000.0000342397
3603	239999.99995397704
3604	250000.0000147451
3605	254999.99996197093
3606	264499.99998110166
3607	265000.00000201416
3608	266999.99997103645
3609	280500.0000460983
3610	285000.0000858281
3611	287919.7826440835
3612	287999.99999314966
3613	290000.0000064286
3614	295950.00002178724
3615	304900.0000355056
3616	312499.99997591256
3617	339999.99993596016
3618	341000.0000293997
3619	341999.99995260197
3620	344999.9999567121
3621	370000.00005525054
3622	394999.99989602703
3623	394999.99999615125
3624	399899.9999849764
3625	399999.9999829307
3626	405499.9999792471
3627	410000.00006889616
3628	424999.9999639448
3629	429999.9999366944
3630	439989.99999225757
3631	445838.0000759206
3632	473999.9999560789
3633	490600.00003348984
3634	508999.9999994774
3635	515000.00007193827
3636	519995.00000191963
3637	554729.0000607995
3638	554950.0000707759
3639	565000.0001029372
3640	575000.0000372331
3641	588000.0000473249
3642	600000.000084388
3643	604999.999951741
3644	604999.999923751
3645	609999.9999229907
3646	633000.0000314331
3647	639999.9999538217
3648	715000.0000681649
3649	814999.9999175655
3650	834999.9999855385
3651	850000.0001213464
3652	849999.9999667483
3653	939999.9999306907
3654	975000.0002206849
3655	1011999.9999573805
3656	1015000.0001226262
3657	1025000.0001456534
3658	1042031.0000596814
3659	1099999.9999013613
3660	1126999.999874776
3661	1140000.0001169033
3662	1150000.0000570847
3663	1195000.000067391
3664	599999.9999996494
3665	459500.0000366572
3666	498999.9999553208
3667	671000.0000136752
3668	672499.9999636903
3669	395000.00000739185
3670	454789.9999896016
3671	170499.99997985884
3672	195000.00008949175
3673	199990.0000042863
3674	209950.00005574044
3675	214999.99999269602
3676	229500.00001755037
3677	230000.00002843988
3678	230000.00003459453
3679	244999.9999973516
3680	266000.0000286088
3681	282508.88884899346
3682	282766.6667048539
3683	295000.0000861116
3684	294999.9999953366
3685	296475.0000128041
3686	299999.9999339916
3687	299999.9999516766
3688	299999.99995311897
3689	320000.0000759502
3690	319999.9999529438
3691	328000.00003846694
3692	335950.0000126061
3693	339000.0000079267
3694	351999.0000067177
3695	360000.0001132141
3696	373000.0000127435
3697	373999.99998005055
3698	378000.0000574055
3699	382499.99998100643
3700	391499.99996716063
3701	406062.4999933747
3702	410000.00004915457
3703	430277.77779962897
3704	436999.9999875249
3705	437500.0000360903
3706	442999.9999676744
3707	444999.9999405737
3708	450000.0000176638
3709	449999.9999582849
3710	473200.0000625076
3711	475000.0000552782
3712	480000.0000268757
3713	480999.9999499458
3714	486445.8333508973
3715	486894.99996164
3716	494814.999939783
3717	499999.9999661576
3718	509899.99992720404
3719	510000.00006082037
3720	526999.9999455598
3721	530000.000051814
3722	538249.9999796915
3723	542499.9999600801
3724	548799.9999434282
3725	558000.0000180607
3726	569999.9999737503
3727	575000.0001067194
3728	588000.0000199288
3729	593000.0000234363
3730	631499.9999890486
3731	644999.9998949339
3732	665000.0000493802
3733	670000.0000319674
3734	669999.9999060261
3735	679999.9999468863
3736	685000.0000820238
3737	747499.9998436524
3738	779999.999931858
3739	821000.0000235136
3740	861989.999931245
3741	865999.999931949
3742	869999.999954162
3743	888550.0000367413
3744	1274999.9999668996
3745	1360000.0000517617
3746	1450000.0001131862
3747	148000.00000960735
3748	148225.99998372074
3749	160000.0000304558
3750	165000.00001078562
3751	182804.9999634762
3752	190000.00002383502
3753	201500.0000028943
3754	204999.99996764143
3755	209999.9999919994
3756	210000.0000188833
3757	228949.99992912807
3758	229629.49999196557
3759	231999.99998932905
3760	235000.00002038022
3761	235500.0000130635
3762	244999.99996492232
3763	248999.99994318045
3764	249999.99991446672
3765	252979.99994398694
3766	255000.0000565453
3767	266999.99998688814
3768	289373.30764755805
3769	292600.00001493306
3770	292999.99997472885
3771	300000.0000431744
3772	299999.99997018935
3773	308950.000045222
3774	315000.00001007045
3775	320000.0000489943
3776	325000.0000216532
3777	325000.0000131828
3778	326500.0000071055
3779	330000.00006178324
3780	332000.0000304446
3781	333489.9999327679
3782	336000.0000399538
3783	340000.000131914
3784	354999.99988917366
3785	357561.99999889865
3786	362000.00003322
3787	368000.00008138525
3788	369999.9999844775
3789	371499.99995394587
3790	374999.99995329673
3791	378499.99992992036
3792	380000.0000304474
3793	380680.55552508275
3794	382999.9999767518
3795	390000.000102727
3796	396166.66668246593
3797	399500.00003692374
3798	409999.9999812815
3799	409999.99994495814
3800	410000.00006027607
3801	415000.0000590437
3802	429999.9999307693
3803	435000.0000668008
3804	434999.99995479087
3805	437999.9999701237
3806	438999.99994625745
3807	449990.000103169
3808	455000.00003186386
3809	458399.99998902803
3810	467999.99996303953
3811	469949.999891765
3812	479000.00007446134
3813	479999.9999989034
3814	485000.0000783791
3815	513000.0000903537
3816	516999.99996904866
3817	527699.9999029156
3818	529999.999971644
3819	541999.999987629
3820	550000.0000171247
3821	557500.0000226849
3822	560000.000043497
3823	567999.999967513
3824	579999.9999780777
3825	580000.0000540771
3826	584999.9999169637
3827	592350.0000438368
3828	598999.9999954907
3829	599999.9999602509
3830	599999.9999613469
3831	623000.0000307908
3832	629999.9999299499
3833	645000.0000063794
3834	650000.0002765853
3835	673000.000021042
3836	674599.9999613195
3837	690000.0000346968
3838	695500.000061661
3839	711599.9999451899
3840	720000.0001232121
3841	760005.000017243
3842	764999.9999929497
3843	780000.000047443
3844	781999.9998611182
3845	789900.0000178359
3846	809999.9999052995
3847	811999.9999385175
3848	819000.0001372016
3849	899999.9999538217
3850	950000.0000361719
3851	970000.0001017827
3852	998999.9998985041
3853	1048999.9995588434
3854	1087500.0000382345
3855	1115000.0002048048
3856	1131000.0000619453
3857	1150000.0002262993
3858	1194999.9999838902
3859	1205000.0000948582
3860	2458000.0000768397
3861	137124.00001315476
3862	149999.9999356016
3863	154950.00002193518
3864	186999.9999958961
3865	210614.28564381372
3866	215000.0000855576
3867	215000.00001138405
3868	215000.00000080193
3869	226549.99999084725
3870	228999.99997298158
3871	232499.9999594372
3872	237950.00003543418
3873	250000.00001873885
3874	251999.99998991634
3875	270000.00004647765
3876	275000.00000857847
3877	274999.9999942054
3878	284000.000055403
3879	284000.0000187107
3880	286999.99992225633
3881	289999.9999536386
3882	294999.99997885135
3883	299879.99999662826
3884	299999.9999977361
3885	305000.0000183896
3886	305999.99997152423
3887	308166.666750743
3888	309000.0000385957
3889	310000.00004546344
3890	335500.00006593205
3891	339999.9999896215
3892	355999.99999886786
3893	358999.99996608804
3894	374950.0000122286
3895	378999.9999887859
3896	395000.0000996917
3897	394999.9999855091
3898	399949.99993660056
3899	400000.00005735294
3900	409123.99997741
3901	409999.9999821232
3902	412000.00000564364
3903	414999.99991782487
3904	416904.1667658119
3905	425000.0000307967
3906	434999.9999813138
3907	440000.0000549051
3908	443000.00004688866
3909	462999.99998763925
3910	468000.00004690787
3911	470000.00000795454
3912	480000.000001376
3913	486000.0000465295
3914	486999.9999211342
3915	494999.9998296882
3916	498800.0000395267
3917	506999.9999070918
3918	524999.9999322135
3919	524999.9999037283
3920	524999.9999400978
3921	530000.0000884561
3922	534333.3332915491
3923	544999.9999894147
3924	549999.9999862404
3925	550000.0000231297
3926	550000.0000502346
3927	560000.0000285171
3928	561000.0000882421
3929	565000.000008852
3930	569000.0000841976
3931	570000.0000488206
3932	580000.0000174525
3933	582999.999910324
3934	590000.0000429142
3935	594950.0000304462
3936	594999.999933078
3937	598999.999994351
3938	599949.9999651344
3939	610000.0000960892
3940	624799.9998821772
3941	625000.0000681676
3942	630000.0000039263
3943	634999.9998845512
3944	659950.0001225823
3945	659999.9999299295
3946	678999.9999611753
3947	680000.0000701712
3948	692500.0000138277
3949	696000.0000407002
3950	720500.0000290906
3951	734950.0001965733
3952	737000.000031282
3953	737499.9999023962
3954	739999.9999451457
3955	741499.99991991
3956	749000.0001314385
3957	749000.0000771165
3958	749949.9999826249
3959	749999.999978284
3960	758999.9999783409
3961	760000.0001434386
3962	810000.0000092157
3963	840000.0000558323
3964	988999.9999750699
3965	1037000.0000092885
3966	1064999.9999823528
3967	1239999.9999789684
3968	1354999.9999229321
3969	1464999.9999949783
3970	1681000.0000795098
3971	2320999.999863126
3972	203400.0000018568
3973	220600.0000120947
3974	262999.9999825239
3975	265000.00000226445
3976	290255.99997062905
3977	350000.0000497447
3978	350000.0000136749
3979	354999.9999175528
3980	359999.9999493409
3981	409999.9999524964
3982	426499.999925998
3983	439000.0000017836
3984	499949.9999725455
3985	504999.99986549915
3986	544999.9999979843
3987	610000.0001718401
3988	638999.9999989594
3989	657499.9999762529
3990	669999.9999978753
3991	719999.9999662013
3992	725000.0000463846
3993	735000.0000667535
3994	774999.99993403
3995	800000.0000003693
3996	840000.0002256166
3997	850000.0000018269
3998	879000.0000520593
3999	879999.9999057478
4000	1550000.0002893663
